0 0.0 0
0.01 0.0 0
0.02 0.0 0
0.03 0.0 0
0.04 0.0 0
0.05 0.0 0
0.06 0.0 0
0.07 0.0 0
0.08 0.0 0
0.09 0.0 0
0.1 0.0 0
0.11 0.0 0
0.12 0.0 0
0.13 0.0 0
0.14 0.0 0
0.15 0.0 0
0.16 0.0 0
0.17 0.0 0
0.18 0.0 0
0.19 0.0 0
0.2 0.0 0
0.21 0.0 0
0.22 0.0 0
0.23 0.0 0
0.24 0.0 0
0.25 0.0 0
0.26 0.0 0
0.27 0.0 0
0.28 0.0 0
0.29 0.0 0
0.3 0.0 0
0.31 0.0 0
0.32 0.0 0
0.33 0.0 0
0.34 0.0 0
0.35 0.0 0
0.36 0.0 0
0.37 0.0 0
0.38 0.0 0
0.39 0.0 0
0.4 0.0 0
0.41 0.0 0
0.42 0.0 0
0.43 0.0 0
0.44 0.0 0
0.45 0.0 0
0.46 0.0 0
0.47 0.0 0
0.48 0.0 0
0.49 0.0 0
0.5 0.0 0
0.51 0.0 0
0.52 0.0 0
0.53 0.0 0
0.54 0.0 0
0.55 0.0 0
0.56 0.0 0
0.57 0.0 0
0.58 0.0 0
0.59 0.0 0
0.6 0.0 0
0.61 0.0 0
0.62 0.0 0
0.63 0.0 0
0.64 0.0 0
0.65 0.0 0
0.66 0.0 0
0.67 0.0 0
0.68 0.0 0
0.69 0.0 0
0.7 0.0 0
0.71 0.0 0
0.72 0.0 0
0.73 0.0 0
0.74 0.0 0
0.75 0.0 0
0.76 0.0 0
0.77 0.0 0
0.78 0.0 0
0.79 0.0 0
0.8 0.0 0
0.81 0.0 0
0.82 0.0 0
0.83 0.0 0
0.84 0.0 0
0.85 0.0 0
0.86 0.0 0
0.87 0.0 0
0.88 0.0 0
0.89 0.0 0
0.9 0.0 0
0.91 0.0 0
0.92 0.0 0
0.93 0.0 0
0.94 0.0 0
0.95 0.0 0
0.96 0.0 0
0.97 0.0 0
0.98 0.0 0
0.99 0.0 0
1.0 0.0 0
1.01 0.0 0
1.02 0.0 0
1.03 0.0 0
1.04 0.0 0
1.05 0.0 0
1.06 0.0 0
1.07 0.0 0
1.08 0.0 0
1.09 0.0 0
1.1 0.0 0
1.11 0.0 0
1.12 0.0 0
1.13 0.0 0
1.14 0.0 0
1.15 0.0 0
1.16 0.0 0
1.17 0.0 0
1.18 0.0 0
1.19 0.0 0
1.2 0.0 0
1.21 0.0 0
1.22 0.0 0
1.23 0.0 0
1.24 0.0 0
1.25 0.0 0
1.26 0.0 0
1.27 0.0 0
1.28 0.0 0
1.29 0.0 0
1.3 0.0 0
1.31 0.0 0
1.32 0.0 0
1.33 0.0 0
1.34 0.0 0
1.35 0.0 0
1.36 0.0 0
1.37 0.0 0
1.38 0.0 0
1.39 0.0 0
1.4 0.0 0
1.41 0.0 0
1.42 0.0 0
1.43 0.0 0
1.44 0.0 0
1.45 0.0 0
1.46 0.0 0
1.47 0.0 0
1.48 0.0 0
1.49 0.0 0
1.5 0.0 0
1.51 0.0 0
1.52 0.0 0
1.53 0.0 0
1.54 0.0 0
1.55 0.0 0
1.56 0.0 0
1.57 0.0 0
1.58 0.0 0
1.59 0.0 0
1.6 0.0 0
1.61 0.0 0
1.62 0.0 0
1.63 0.0 0
1.64 0.0 0
1.65 0.0 0
1.66 0.0 0
1.67 0.0 0
1.68 0.0 0
1.69 0.0 0
1.7 0.0 0
1.71 0.0 0
1.72 0.0 0
1.73 0.0 0
1.74 0.0 0
1.75 0.0 0
1.76 0.0 0
1.77 0.0 0
1.78 0.0 0
1.79 0.0 0
1.8 0.0 0
1.81 0.0 0
1.82 0.0 0
1.83 0.0 0
1.84 0.0 0
1.85 0.0 0
1.86 0.0 0
1.87 0.0 0
1.88 0.0 0
1.89 0.0 0
1.9 0.0 0
1.91 0.0 0
1.92 0.0 0
1.93 0.0 0
1.94 0.0 0
1.95 0.0 0
1.96 0.0 0
1.97 0.0 0
1.98 0.0 0
1.99 0.0 0
2.0 0.00333333333333 1
2.01 0.00665555555556 1
2.02 0.0099667037037 1
2.03 0.0132668146914 1
2.04 0.0165559253091 1
2.05 0.0198340722247 1
2.06 0.0231012919839 1
2.07 0.0263576210107 1
2.08 0.0296030956073 1
2.09 0.0328377519553 1
2.1 0.0360616261154 1
2.11 0.0392747540284 1
2.12 0.0424771715149 1
2.13 0.0456689142766 1
2.14 0.0488500178956 1
2.15 0.052020517836 1
2.16 0.0551804494432 1
2.17 0.0583298479451 1
2.18 0.0614687484519 1
2.19 0.0645971859571 1
2.2 0.0677151953372 1
2.21 0.0708228113527 1
2.22 0.0739200686482 1
2.23 0.0770070017527 1
2.24 0.0800836450802 1
2.25 0.08315003293 1
2.26 0.0862061994869 1
2.27 0.0892521788219 1
2.28 0.0922880048925 1
2.29 0.0953137115429 1
2.3 0.0983293325044 1
2.31 0.101334901396 1
2.32 0.104330451725 1
2.33 0.107316016886 1
2.34 0.110291630163 1
2.35 0.113257324729 1
2.36 0.116213133646 1
2.37 0.119159089868 1
2.38 0.122095226235 1
2.39 0.125021575481 1
2.4 0.127938170229 1
2.41 0.130845042995 1
2.42 0.133742226185 1
2.43 0.136629752098 1
2.44 0.139507652924 1
2.45 0.142375960748 1
2.46 0.145234707545 1
2.47 0.148083925187 1
2.48 0.150923645436 1
2.49 0.153753899951 1
2.5 0.156574720285 1
2.51 0.159386137884 1
2.52 0.162188184091 1
2.53 0.164980890144 1
2.54 0.167764287177 1
2.55 0.170538406219 1
2.56 0.173303278199 1
2.57 0.176058933938 1
2.58 0.178805404158 1
2.59 0.181542719478 1
2.6 0.184270910413 1
2.61 0.186990007378 1
2.62 0.189700040687 1
2.63 0.192401040551 1
2.64 0.195093037083 1
2.65 0.197776060292 1
2.66 0.200450140091 1
2.67 0.203115306291 1
2.68 0.205771588603 1
2.69 0.208419016641 1
2.7 0.211057619919 1
2.71 0.213687427853 1
2.72 0.21630846976 1
2.73 0.218920774861 1
2.74 0.221524372278 1
2.75 0.224119291037 1
2.76 0.226705560067 1
2.77 0.2292832082 1
2.78 0.231852264173 1
2.79 0.234412756625 1
2.8 0.236964714103 1
2.81 0.239508165056 1
2.82 0.24204313784 1
2.83 0.244569660713 1
2.84 0.247087761844 1
2.85 0.249597469305 1
2.86 0.252098811074 1
2.87 0.254591815037 1
2.88 0.257076508987 1
2.89 0.259552920624 1
2.9 0.262021077555 1
2.91 0.264481007296 1
2.92 0.266932737272 1
2.93 0.269376294814 1
2.94 0.271811707165 1
2.95 0.274239001474 1
2.96 0.276658204803 1
2.97 0.27906934412 1
2.98 0.281472446306 1
2.99 0.283867538152 1
3.0 0.286254646358 1
3.01 0.288633797537 1
3.02 0.291005018212 1
3.03 0.293368334818 1
3.04 0.295723773702 1
3.05 0.298071361123 1
3.06 0.300411123252 1
3.07 0.302743086175 1
3.08 0.305067275888 1
3.09 0.307383718301 1
3.1 0.30969243924 1
3.11 0.311993464443 1
3.12 0.314286819561 1
3.13 0.316572530163 1
3.14 0.318850621729 1
3.15 0.321121119657 1
3.16 0.323384049258 1
3.17 0.32563943576 1
3.18 0.327887304308 1
3.19 0.33012767996 1
3.2 0.332360587693 1
3.21 0.334586052401 1
3.22 0.336804098893 1
3.23 0.339014751897 1
3.24 0.341218036057 1
3.25 0.343413975937 1
3.26 0.345602596017 1
3.27 0.347783920697 1
3.28 0.349957974295 1
3.29 0.352124781047 1
3.3 0.35428436511 1
3.31 0.35643675056 1
3.32 0.358581961391 1
3.33 0.36072002152 1
3.34 0.362850954782 1
3.35 0.364974784932 1
3.36 0.367091535649 1
3.37 0.36920123053 1
3.38 0.371303893095 1
3.39 0.373399546785 1
3.4 0.375488214962 1
3.41 0.377569920913 1
3.42 0.379644687843 1
3.43 0.381712538883 1
3.44 0.383773497087 1
3.45 0.38582758543 1
3.46 0.387874826812 1
3.47 0.389915244056 1
3.48 0.391948859909 1
3.49 0.393975697043 1
3.5 0.395995778053 1
3.51 0.398009125459 1
3.52 0.400015761708 1
3.53 0.402015709169 1
3.54 0.404008990138 1
3.55 0.405995626838 1
3.56 0.407975641415 1
3.57 0.409949055943 1
3.58 0.411915892424 1
3.59 0.413876172782 1
3.6 0.415829918873 1
3.61 0.417777152477 1
3.62 0.419717895302 1
3.63 0.421652168984 1
3.64 0.423579995087 1
3.65 0.425501395104 1
3.66 0.427416390453 1
3.67 0.429325002485 1
3.68 0.431227252477 1
3.69 0.433123161635 1
3.7 0.435012751097 1
3.71 0.436896041926 1
3.72 0.43877305512 1
3.73 0.440643811603 1
3.74 0.442508332231 1
3.75 0.44436663779 1
3.76 0.446218748997 1
3.77 0.448064686501 1
3.78 0.449904470879 1
3.79 0.451738122643 1
3.8 0.453565662234 1
3.81 0.455387110027 1
3.82 0.457202486326 1
3.83 0.459011811372 1
3.84 0.460815105334 1
3.85 0.462612388316 1
3.86 0.464403680355 1
3.87 0.466189001421 1
3.88 0.467968371416 1
3.89 0.469741810178 1
3.9 0.471509337477 1
3.91 0.473270973019 1
3.92 0.475026736442 1
3.93 0.476776647321 1
3.94 0.478520725163 1
3.95 0.480258989413 1
3.96 0.481991459448 1
3.97 0.483718154583 1
3.98 0.485439094068 1
3.99 0.487154297088 1
4.0 0.488863782764 1
4.01 0.490567570155 1
4.02 0.492265678254 1
4.03 0.493958125993 1
4.04 0.49564493224 1
4.05 0.497326115799 1
4.06 0.499001695413 1
4.07 0.500671689762 1
4.08 0.502336117463 1
4.09 0.503994997071 1
4.1 0.505648347081 1
4.11 0.507296185924 1
4.12 0.508938531971 1
4.13 0.510575403531 1
4.14 0.512206818853 1
4.15 0.513832796123 1
4.16 0.515453353469 1
4.17 0.517068508958 1
4.18 0.518678280595 1
4.19 0.520282686326 1
4.2 0.521881744038 1
4.21 0.523475471558 1
4.22 0.525063886653 1
4.23 0.526647007031 1
4.24 0.528224850341 1
4.25 0.529797434173 1
4.26 0.531364776059 1
4.27 0.532926893472 1
4.28 0.534483803827 1
4.29 0.536035524481 1
4.3 0.537582072733 1
4.31 0.539123465824 1
4.32 0.540659720938 1
4.33 0.542190855201 1
4.34 0.543716885684 1
4.35 0.545237829398 1
4.36 0.5467537033 1
4.37 0.548264524289 1
4.38 0.549770309208 1
4.39 0.551271074844 1
4.4 0.552766837928 1
4.41 0.554257615135 1
4.42 0.555743423084 1
4.43 0.557224278341 1
4.44 0.558700197413 1
4.45 0.560171196755 1
4.46 0.561637292766 1
4.47 0.56309850179 1
4.48 0.564554840117 1
4.49 0.566006323984 1
4.5 0.56745296957 1
4.51 0.568894793005 1
4.52 0.570331810362 1
4.53 0.571764037661 1
4.54 0.573191490868 1
4.55 0.574614185899 1
4.56 0.576032138612 1
4.57 0.577445364817 1
4.58 0.578853880268 1
4.59 0.580257700667 1
4.6 0.581656841665 1
4.61 0.583051318859 1
4.62 0.584441147796 1
4.63 0.58582634397 1
4.64 0.587206922824 1
4.65 0.588582899748 1
4.66 0.589954290082 1
4.67 0.591321109115 1
4.68 0.592683372084 1
4.69 0.594041094177 1
4.7 0.59539429053 1
4.71 0.596742976228 1
4.72 0.598087166308 1
4.73 0.599426875753 1
4.74 0.600762119501 1
4.75 0.602092912436 1
4.76 0.603419269394 1
4.77 0.604741205163 1
4.78 0.606058734479 1
4.79 0.607371872031 1
4.8 0.608680632457 1
4.81 0.609985030349 1
4.82 0.611285080248 1
4.83 0.612580796647 1
4.84 0.613872193992 1
4.85 0.615159286678 1
4.86 0.616442089056 1
4.87 0.617720615426 1
4.88 0.618994880041 1
4.89 0.620264897108 1
4.9 0.621530680784 1
4.91 0.622792245181 1
4.92 0.624049604364 1
4.93 0.62530277235 1
4.94 0.626551763108 1
4.95 0.627796590565 1
4.96 0.629037268596 1
4.97 0.630273811034 1
4.98 0.631506231664 1
4.99 0.632734544225 1
5.0 0.633958762411 1
5.01 0.63517889987 1
5.02 0.636394970204 1
5.03 0.63760698697 1
5.04 0.63881496368 1
5.05 0.640018913801 1
5.06 0.641218850755 1
5.07 0.642414787919 1
5.08 0.643606738626 1
5.09 0.644794716164 1
5.1 0.645978733776 1
5.11 0.647158804664 1
5.12 0.648334941982 1
5.13 0.649507158842 1
5.14 0.650675468312 1
5.15 0.651839883418 1
5.16 0.65300041714 1
5.17 0.654157082416 1
5.18 0.655309892141 1
5.19 0.656458859168 1
5.2 0.657603996304 1
5.21 0.658745316316 1
5.22 0.659882831928 1
5.23 0.661016555822 1
5.24 0.662146500636 1
5.25 0.663272678967 1
5.26 0.66439510337 1
5.27 0.665513786359 1
5.28 0.666628740405 1
5.29 0.667739977937 1
5.3 0.668847511343 1
5.31 0.669951352972 1
5.32 0.671051515129 1
5.33 0.672148010079 1
5.34 0.673240850045 1
5.35 0.674330047212 1
5.36 0.675415613721 1
5.37 0.676497561675 1
5.38 0.677575903136 1
5.39 0.678650650126 1
5.4 0.679721814625 1
5.41 0.680789408577 1
5.42 0.681853443881 1
5.43 0.682913932402 1
5.44 0.68397088596 1
5.45 0.685024316341 1
5.46 0.686074235286 1
5.47 0.687120654502 1
5.48 0.688163585653 1
5.49 0.689203040368 1
5.5 0.690239030233 1
5.51 0.691271566799 1
5.52 0.692300661577 1
5.53 0.693326326038 1
5.54 0.694348571618 1
5.55 0.695367409712 1
5.56 0.69638285168 1
5.57 0.697394908841 1
5.58 0.698403592478 1
5.59 0.699408913837 1
5.6 0.700410884124 1
5.61 0.70140951451 1
5.62 0.702404816129 1
5.63 0.703396800075 1
5.64 0.704385477408 1
5.65 0.70537085915 1
5.66 0.706352956286 1
5.67 0.707331779765 1
5.68 0.708307340499 1
5.69 0.709279649364 1
5.7 0.7102487172 1
5.71 0.711214554809 1
5.72 0.71217717296 1
5.73 0.713136582383 1
5.74 0.714092793775 1
5.75 0.715045817796 1
5.76 0.71599566507 1
5.77 0.716942346186 1
5.78 0.717885871699 1
5.79 0.718826252127 1
5.8 0.719763497953 1
5.81 0.720697619626 1
5.82 0.721628627561 1
5.83 0.722556532136 1
5.84 0.723481343695 1
5.85 0.72440307255 1
5.86 0.725321728975 1
5.87 0.726237323211 1
5.88 0.727149865467 1
5.89 0.728059365916 1
5.9 0.728965834696 1
5.91 0.729869281914 1
5.92 0.730769717641 1
5.93 0.731667151915 1
5.94 0.732561594742 1
5.95 0.733453056093 1
5.96 0.734341545906 1
5.97 0.735227074086 1
5.98 0.736109650506 1
5.99 0.736989285004 1
6.0 0.737865987388 1
6.01 0.73873976743 1
6.02 0.739610634872 1
6.03 0.740478599422 1
6.04 0.741343670757 1
6.05 0.742205858521 1
6.06 0.743065172326 1
6.07 0.743921621752 1
6.08 0.744775216346 1
6.09 0.745625965625 1
6.1 0.746473879073 1
6.11 0.747318966143 1
6.12 0.748161236255 1
6.13 0.749000698801 1
6.14 0.749837363139 1
6.15 0.750671238595 1
6.16 0.751502334466 1
6.17 0.752330660018 1
6.18 0.753156224485 1
6.19 0.75397903707 1
6.2 0.754799106946 1
6.21 0.755616443256 1
6.22 0.756431055112 1
6.23 0.757242951595 1
6.24 0.758052141756 1
6.25 0.758858634617 1
6.26 0.759662439168 1
6.27 0.760463564371 1
6.28 0.761262019157 1
6.29 0.762057812426 1
6.3 0.762850953051 1
6.31 0.763641449875 1
6.32 0.764429311708 1
6.33 0.765214547336 1
6.34 0.765997165511 1
6.35 0.76677717496 1
6.36 0.767554584377 1
6.37 0.768329402429 1
6.38 0.769101637754 1
6.39 0.769871298961 1
6.4 0.770638394631 1
6.41 0.771402933316 1
6.42 0.772164923538 1
6.43 0.772924373793 1
6.44 0.773681292547 1
6.45 0.774435688239 1
6.46 0.775187569278 1
6.47 0.775936944047 1
6.48 0.7766838209 1
6.49 0.777428208164 1
6.5 0.778170114137 1
6.51 0.77890954709 1
6.52 0.779646515266 1
6.53 0.780381026882 1
6.54 0.781113090125 1
6.55 0.781842713158 1
6.56 0.782569904114 1
6.57 0.783294671101 1
6.58 0.784017022197 1
6.59 0.784736965456 1
6.6 0.785454508905 1
6.61 0.786169660542 1
6.62 0.78688242834 1
6.63 0.787592820246 1
6.64 0.788300844178 1
6.65 0.789006508031 1
6.66 0.789709819671 1
6.67 0.790410786939 1
6.68 0.791109417649 1
6.69 0.79180571959 1
6.7 0.792499700525 1
6.71 0.793191368189 1
6.72 0.793880730296 1
6.73 0.794567794528 1
6.74 0.795252568546 1
6.75 0.795935059984 1
6.76 0.796615276451 1
6.77 0.79729322553 1
6.78 0.797968914778 1
6.79 0.798642351728 1
6.8 0.799313543889 1
6.81 0.799982498743 1
6.82 0.800649223747 1
6.83 0.801313726335 1
6.84 0.801976013914 1
6.85 0.802636093867 1
6.86 0.803293973554 1
6.87 0.803949660309 1
6.88 0.804603161442 1
6.89 0.805254484237 1
6.9 0.805903635956 1
6.91 0.806550623836 1
6.92 0.80719545509 1
6.93 0.807838136906 1
6.94 0.80847867645 1
6.95 0.809117080862 1
6.96 0.809753357259 1
6.97 0.810387512735 1
6.98 0.811019554359 1
6.99 0.811649489178 1
7.0 0.812277324214 1
7.01 0.812903066466 1
7.02 0.813526722912 1
7.03 0.814148300502 1
7.04 0.814767806167 1
7.05 0.815385246813 1
7.06 0.816000629324 1
7.07 0.816613960559 1
7.08 0.817225247357 1
7.09 0.817834496533 1
7.1 0.818441714878 1
7.11 0.819046909161 1
7.12 0.819650086131 1
7.13 0.82025125251 1
7.14 0.820850415002 1
7.15 0.821447580285 1
7.16 0.822042755018 1
7.17 0.822635945834 1
7.18 0.823227159348 1
7.19 0.82381640215 1
7.2 0.82440368081 1
7.21 0.824989001874 1
7.22 0.825572371868 1
7.23 0.826153797295 1
7.24 0.826733284637 1
7.25 0.827310840355 1
7.26 0.827886470887 1
7.27 0.828460182651 1
7.28 0.829031982042 1
7.29 0.829601875435 1
7.3 0.830169869184 1
7.31 0.83073596962 1
7.32 0.831300183054 1
7.33 0.831862515778 1
7.34 0.832422974058 1
7.35 0.832981564145 1
7.36 0.833538292264 1
7.37 0.834093164623 1
7.38 0.834646187408 1
7.39 0.835197366783 1
7.4 0.835746708894 1
7.41 0.836294219864 1
7.42 0.836839905798 1
7.43 0.837383772779 1
7.44 0.83792582687 1
7.45 0.838466074113 1
7.46 0.839004520533 1
7.47 0.839541172131 1
7.48 0.840076034891 1
7.49 0.840609114774 1
7.5 0.841140417725 1
7.51 0.841669949666 1
7.52 0.842197716501 1
7.53 0.842723724112 1
7.54 0.843247978365 1
7.55 0.843770485104 1
7.56 0.844291250154 1
7.57 0.84481027932 1
7.58 0.845327578389 1
7.59 0.845843153127 1
7.6 0.846357009284 1
7.61 0.846869152586 1
7.62 0.847379588744 1
7.63 0.847888323448 1
7.64 0.84839536237 1
7.65 0.848900711162 1
7.66 0.849404375458 1
7.67 0.849906360874 1
7.68 0.850406673004 1
7.69 0.850905317427 1
7.7 0.851402299702 1
7.71 0.85189762537 1
7.72 0.852391299952 1
7.73 0.852883328952 1
7.74 0.853373717856 1
7.75 0.85386247213 1
7.76 0.854349597223 1
7.77 0.854835098565 1
7.78 0.85531898157 1
7.79 0.855801251631 1
7.8 0.856281914126 1
7.81 0.856760974412 1
7.82 0.857238437831 1
7.83 0.857714309705 1
7.84 0.858188595339 1
7.85 0.858661300021 1
7.86 0.859132429021 1
7.87 0.859601987591 1
7.88 0.860069980966 1
7.89 0.860536414363 1
7.9 0.861001292981 1
7.91 0.861464622005 1
7.92 0.861926406598 1
7.93 0.862386651909 1
7.94 0.86284536307 1
7.95 0.863302545193 1
7.96 0.863758203376 1
7.97 0.864212342698 1
7.98 0.864664968222 1
7.99 0.865116084995 1
8.0 0.865565698045 1
8.01 0.866013812384 1
8.02 0.86646043301 1
8.03 0.8669055649 1
8.04 0.867349213017 1
8.05 0.867791382307 1
8.06 0.868232077699 1
8.07 0.868671304107 1
8.08 0.869109066426 1
8.09 0.869545369538 1
8.1 0.869980218306 1
8.11 0.870413617579 1
8.12 0.870845572187 1
8.13 0.871276086946 1
8.14 0.871705166656 1
8.15 0.872132816101 1
8.16 0.872559040047 1
8.17 0.872983843247 1
8.18 0.873407230436 1
8.19 0.873829206335 1
8.2 0.874249775647 1
8.21 0.874668943062 1
8.22 0.875086713251 1
8.23 0.875503090874 1
8.24 0.875918080571 1
8.25 0.876331686969 1
8.26 0.876743914679 1
8.27 0.877154768297 1
8.28 0.877564252403 1
8.29 0.877972371561 1
8.3 0.878379130323 1
8.31 0.878784533222 1
8.32 0.879188584777 1
8.33 0.879591289495 1
8.34 0.879992651863 1
8.35 0.880392676357 1
8.36 0.880791367436 1
8.37 0.881188729544 1
8.38 0.881584767113 1
8.39 0.881979484556 1
8.4 0.882372886274 1
8.41 0.882764976653 1
8.42 0.883155760064 1
8.43 0.883545240864 1
8.44 0.883933423394 1
8.45 0.884320311983 1
8.46 0.884705910943 1
8.47 0.885090224573 1
8.48 0.885473257158 1
8.49 0.885855012967 1
8.5 0.886235496257 1
8.51 0.88661471127 1
8.52 0.886992662232 1
8.53 0.887369353358 1
8.54 0.887744788847 1
8.55 0.888118972884 1
8.56 0.888491909641 1
8.57 0.888863603276 1
8.58 0.889234057932 1
8.59 0.889603277738 1
8.6 0.889971266813 1
8.61 0.890338029257 1
8.62 0.890703569159 1
8.63 0.891067890595 1
8.64 0.891430997627 1
8.65 0.891792894301 1
8.66 0.892153584653 1
8.67 0.892513072705 1
8.68 0.892871362462 1
8.69 0.893228457921 1
8.7 0.893584363061 1
8.71 0.893939081851 1
8.72 0.894292618245 1
8.73 0.894644976184 1
8.74 0.894996159597 1
8.75 0.895346172398 1
8.76 0.89569501849 1
8.77 0.896042701762 1
8.78 0.896389226089 1
8.79 0.896734595335 1
8.8 0.897078813351 1
8.81 0.897421883973 1
8.82 0.897763811027 1
8.83 0.898104598323 1
8.84 0.898444249662 1
8.85 0.89878276883 1
8.86 0.8991201596 1
8.87 0.899456425735 1
8.88 0.899791570983 1
8.89 0.900125599079 1
8.9 0.900458513749 1
8.91 0.900790318703 1
8.92 0.901121017641 1
8.93 0.901450614249 1
8.94 0.901779112201 1
8.95 0.902106515161 1
8.96 0.902432826777 1
8.97 0.902758050687 1
8.98 0.903082190519 1
8.99 0.903405249883 1
9.0 0.903727232384 1
9.01 0.904048141609 1
9.02 0.904367981137 1
9.03 0.904686754533 1
9.04 0.905004465352 1
9.05 0.905321117134 1
9.06 0.90563671341 1
9.07 0.905951257699 1
9.08 0.906264753506 1
9.09 0.906577204328 1
9.1 0.906888613647 1
9.11 0.907198984935 1
9.12 0.907508321652 1
9.13 0.907816627246 1
9.14 0.908123905155 1
9.15 0.908430158805 1
9.16 0.908735391609 1
9.17 0.90903960697 1
9.18 0.90934280828 1
9.19 0.909644998919 1
9.2 0.909946182256 1
9.21 0.910246361649 1
9.22 0.910545540443 1
9.23 0.910843721975 1
9.24 0.911140909568 1
9.25 0.911437106537 1
9.26 0.911732316181 1
9.27 0.912026541794 1
9.28 0.912319786655 1
9.29 0.912612054033 1
9.3 0.912903347186 1
9.31 0.913193669362 1
9.32 0.913483023797 1
9.33 0.913771413718 1
9.34 0.914058842339 1
9.35 0.914345312865 1
9.36 0.914630828488 1
9.37 0.914915392393 1
9.38 0.915199007752 1
9.39 0.915481677726 1
9.4 0.915763405467 1
9.41 0.916044194116 1
9.42 0.916324046802 1
9.43 0.916602966646 1
9.44 0.916880956757 1
9.45 0.917158020234 1
9.46 0.917434160167 1
9.47 0.917709379633 1
9.48 0.917983681701 1
9.49 0.918257069429 1
9.5 0.918529545864 1
9.51 0.918801114044 1
9.52 0.919071776998 1
9.53 0.919341537741 1
9.54 0.919610399282 1
9.55 0.919878364617 1
9.56 0.920145436735 1
9.57 0.920411618613 1
9.58 0.920676913218 1
9.59 0.920941323507 1
9.6 0.921204852429 1
9.61 0.92146750292 1
9.62 0.921729277911 1
9.63 0.921990180318 1
9.64 0.92225021305 1
9.65 0.922509379006 1
9.66 0.922767681076 1
9.67 0.923025122139 1
9.68 0.923281705066 1
9.69 0.923537432715 1
9.7 0.92379230794 1
9.71 0.92404633358 1
9.72 0.924299512468 1
9.73 0.924551847426 1
9.74 0.924803341268 1
9.75 0.925053996797 1
9.76 0.925303816808 1
9.77 0.925552804085 1
9.78 0.925800961405 1
9.79 0.926048291534 1
9.8 0.926294797229 1
9.81 0.926540481238 1
9.82 0.9267853463 1
9.83 0.927029395146 1
9.84 0.927272630496 1
9.85 0.927515055061 1
9.86 0.927756671544 1
9.87 0.927997482639 1
9.88 0.92823749103 1
9.89 0.928476699393 1
9.9 0.928715110395 1
9.91 0.928952726694 1
9.92 0.929189550938 1
9.93 0.929425585768 1
9.94 0.929660833816 1
9.95 0.929895297703 1
9.96 0.930128980044 1
9.97 0.930361883444 1
9.98 0.930594010499 1
9.99 0.930825363797 1
10.0 0.931055945918 1
10.01 0.927952426098 0
10.02 0.924859251345 0
10.03 0.921776387174 0
10.04 0.918703799216 0
10.05 0.915641453219 0
10.06 0.912589315042 0
10.07 0.909547350658 0
10.08 0.906515526156 0
10.09 0.903493807735 0
10.1 0.90048216171 0
10.11 0.897480554504 0
10.12 0.894488952656 0
10.13 0.891507322813 0
10.14 0.888535631737 0
10.15 0.885573846298 0
10.16 0.882621933477 0
10.17 0.879679860366 0
10.18 0.876747594164 0
10.19 0.873825102184 0
10.2 0.870912351843 0
10.21 0.86800931067 0
10.22 0.865115946302 0
10.23 0.862232226481 0
10.24 0.859358119059 0
10.25 0.856493591995 0
10.26 0.853638613355 0
10.27 0.850793151311 0
10.28 0.84795717414 0
10.29 0.845130650226 0
10.3 0.842313548059 0
10.31 0.839505836232 0
10.32 0.836707483444 0
10.33 0.8339184585 0
10.34 0.831138730305 0
10.35 0.82836826787 0
10.36 0.825607040311 0
10.37 0.822855016843 0
10.38 0.820112166787 0
10.39 0.817378459564 0
10.4 0.814653864699 0
10.41 0.811938351817 0
10.42 0.809231890644 0
10.43 0.806534451008 0
10.44 0.803846002838 0
10.45 0.801166516162 0
10.46 0.798495961108 0
10.47 0.795834307905 0
10.48 0.793181526878 0
10.49 0.790537588455 0
10.5 0.787902463161 0
10.51 0.785276121617 0
10.52 0.782658534545 0
10.53 0.780049672763 0
10.54 0.777449507187 0
10.55 0.77485800883 0
10.56 0.7722751488 0
10.57 0.769700898304 0
10.58 0.767135228643 0
10.59 0.764578111214 0
10.6 0.76202951751 0
10.61 0.759489419119 0
10.62 0.756957787722 0
10.63 0.754434595096 0
10.64 0.751919813112 0
10.65 0.749413413735 0
10.66 0.746915369023 0
10.67 0.744425651126 0
10.68 0.741944232289 0
10.69 0.739471084848 0
10.7 0.737006181232 0
10.71 0.734549493961 0
10.72 0.732100995648 0
10.73 0.729660658996 0
10.74 0.727228456799 0
10.75 0.724804361943 0
10.76 0.722388347403 0
10.77 0.719980386245 0
10.78 0.717580451624 0
10.79 0.715188516786 0
10.8 0.712804555063 0
10.81 0.710428539879 0
10.82 0.708060444746 0
10.83 0.705700243264 0
10.84 0.70334790912 0
10.85 0.701003416089 0
10.86 0.698666738036 0
10.87 0.696337848909 0
10.88 0.694016722746 0
10.89 0.69170333367 0
10.9 0.689397655891 0
10.91 0.687099663705 0
10.92 0.684809331493 0
10.93 0.682526633721 0
10.94 0.680251544942 0
10.95 0.677984039792 0
10.96 0.675724092993 0
10.97 0.673471679349 0
10.98 0.671226773752 0
10.99 0.668989351172 0
11.0 0.666759386669 0
11.01 0.66453685538 0
11.02 0.662321732528 0
11.03 0.66011399342 0
11.04 0.657913613442 0
11.05 0.655720568064 0
11.06 0.653534832837 0
11.07 0.651356383394 0
11.08 0.649185195449 0
11.09 0.647021244798 0
11.1 0.644864507315 0
11.11 0.642714958958 0
11.12 0.640572575761 0
11.13 0.638437333842 0
11.14 0.636309209396 0
11.15 0.634188178698 0
11.16 0.632074218102 0
11.17 0.629967304042 0
11.18 0.627867413028 0
11.19 0.625774521651 0
11.2 0.623688606579 0
11.21 0.621609644557 0
11.22 0.619537612409 0
11.23 0.617472487034 0
11.24 0.615414245411 0
11.25 0.613362864593 0
11.26 0.611318321711 0
11.27 0.609280593972 0
11.28 0.607249658658 0
11.29 0.60522549313 0
11.3 0.603208074819 0
11.31 0.601197381236 0
11.32 0.599193389966 0
11.33 0.597196078666 0
11.34 0.59520542507 0
11.35 0.593221406987 0
11.36 0.591244002297 0
11.37 0.589273188956 0
11.38 0.587308944992 0
11.39 0.585351248509 0
11.4 0.583400077681 0
11.41 0.581455410755 0
11.42 0.579517226053 0
11.43 0.577585501966 0
11.44 0.575660216959 0
11.45 0.573741349569 0
11.46 0.571828878404 0
11.47 0.569922782143 0
11.48 0.568023039536 0
11.49 0.566129629404 0
11.5 0.564242530639 0
11.51 0.562361722204 0
11.52 0.56048718313 0
11.53 0.558618892519 0
11.54 0.556756829544 0
11.55 0.554900973446 0
11.56 0.553051303534 0
11.57 0.551207799189 0
11.58 0.549370439859 0
11.59 0.547539205059 0
11.6 0.545714074375 0
11.61 0.543895027461 0
11.62 0.542082044036 0
11.63 0.540275103889 0
11.64 0.538474186876 0
11.65 0.53667927292 0
11.66 0.53489034201 0
11.67 0.533107374204 0
11.68 0.531330349623 0
11.69 0.529559248457 0
11.7 0.527794050963 0
11.71 0.526034737459 0
11.72 0.524281288335 0
11.73 0.52253368404 0
11.74 0.520791905093 0
11.75 0.519055932076 0
11.76 0.517325745636 0
11.77 0.515601326484 0
11.78 0.513882655396 0
11.79 0.512169713211 0
11.8 0.510462480834 0
11.81 0.508760939231 0
11.82 0.507065069433 0
11.83 0.505374852535 0
11.84 0.503690269694 0
11.85 0.502011302128 0
11.86 0.500337931121 0
11.87 0.498670138017 0
11.88 0.497007904224 0
11.89 0.49535121121 0
11.9 0.493700040506 0
11.91 0.492054373704 0
11.92 0.490414192458 0
11.93 0.488779478483 0
11.94 0.487150213555 0
11.95 0.48552637951 0
11.96 0.483907958245 0
11.97 0.482294931717 0
11.98 0.480687281945 0
11.99 0.479084991005 0
12.0 0.477488041035 0
12.01 0.475896414232 0
12.02 0.474310092851 0
12.03 0.472729059208 0
12.04 0.471153295677 0
12.05 0.469582784692 0
12.06 0.468017508743 0
12.07 0.46645745038 0
12.08 0.464902592212 0
12.09 0.463352916905 0
12.1 0.461808407182 0
12.11 0.460269045825 0
12.12 0.458734815672 0
12.13 0.45720569962 0
12.14 0.455681680621 0
12.15 0.454162741686 0
12.16 0.45264886588 0
12.17 0.451140036327 0
12.18 0.449636236206 0
12.19 0.448137448752 0
12.2 0.446643657256 0
12.21 0.445154845065 0
12.22 0.443670995582 0
12.23 0.442192092263 0
12.24 0.440718118622 0
12.25 0.439249058227 0
12.26 0.437784894699 0
12.27 0.436325611717 0
12.28 0.434871193011 0
12.29 0.433421622368 0
12.3 0.431976883627 0
12.31 0.430536960681 0
12.32 0.429101837479 0
12.33 0.427671498021 0
12.34 0.426245926361 0
12.35 0.424825106606 0
12.36 0.423409022917 0
12.37 0.421997659508 0
12.38 0.420591000643 0
12.39 0.419189030641 0
12.4 0.417791733872 0
12.41 0.416399094759 0
12.42 0.415011097776 0
12.43 0.41362772745 0
12.44 0.412248968359 0
12.45 0.410874805131 0
12.46 0.409505222447 0
12.47 0.408140205039 0
12.48 0.406779737689 0
12.49 0.40542380523 0
12.5 0.404072392546 0
12.51 0.402725484571 0
12.52 0.401383066289 0
12.53 0.400045122735 0
12.54 0.398711638992 0
12.55 0.397382600196 0
12.56 0.396057991528 0
12.57 0.394737798223 0
12.58 0.393422005562 0
12.59 0.392110598877 0
12.6 0.390803563548 0
12.61 0.389500885002 0
12.62 0.388202548719 0
12.63 0.386908540223 0
12.64 0.385618845089 0
12.65 0.384333448939 0
12.66 0.383052337442 0
12.67 0.381775496318 0
12.68 0.38050291133 0
12.69 0.379234568292 0
12.7 0.377970453065 0
12.71 0.376710551554 0
12.72 0.375454849716 0
12.73 0.37420333355 0
12.74 0.372955989105 0
12.75 0.371712802475 0
12.76 0.3704737598 0
12.77 0.369238847267 0
12.78 0.368008051109 0
12.79 0.366781357606 0
12.8 0.36555875308 0
12.81 0.364340223903 0
12.82 0.36312575649 0
12.83 0.361915337302 0
12.84 0.360708952844 0
12.85 0.359506589668 0
12.86 0.358308234369 0
12.87 0.357113873588 0
12.88 0.35592349401 0
12.89 0.354737082363 0
12.9 0.353554625422 0
12.91 0.352376110004 0
12.92 0.35120152297 0
12.93 0.350030851227 0
12.94 0.348864081723 0
12.95 0.347701201451 0
12.96 0.346542197446 0
12.97 0.345387056788 0
12.98 0.344235766598 0
12.99 0.343088314043 0
13.0 0.341944686329 0
13.01 0.340804870708 0
13.02 0.339668854473 0
13.03 0.338536624958 0
13.04 0.337408169541 0
13.05 0.336283475643 0
13.06 0.335162530724 0
13.07 0.334045322288 0
13.08 0.332931837881 0
13.09 0.331822065088 0
13.1 0.330715991537 0
13.11 0.329613604899 0
13.12 0.328514892883 0
13.13 0.32741984324 0
13.14 0.326328443762 0
13.15 0.325240682283 0
13.16 0.324156546675 0
13.17 0.323076024853 0
13.18 0.32199910477 0
13.19 0.320925774421 0
13.2 0.31985602184 0
13.21 0.3187898351 0
13.22 0.317727202316 0
13.23 0.316668111642 0
13.24 0.31561255127 0
13.25 0.314560509432 0
13.26 0.313511974401 0
13.27 0.312466934486 0
13.28 0.311425378038 0
13.29 0.310387293444 0
13.3 0.309352669133 0
13.31 0.308321493569 0
13.32 0.307293755257 0
13.33 0.30626944274 0
13.34 0.305248544597 0
13.35 0.304231049449 0
13.36 0.303216945951 0
13.37 0.302206222797 0
13.38 0.301198868721 0
13.39 0.300194872492 0
13.4 0.299194222917 0
13.41 0.298196908841 0
13.42 0.297202919145 0
13.43 0.296212242748 0
13.44 0.295224868605 0
13.45 0.29424078571 0
13.46 0.293259983091 0
13.47 0.292282449814 0
13.48 0.291308174981 0
13.49 0.290337147731 0
13.5 0.289369357239 0
13.51 0.288404792715 0
13.52 0.287443443406 0
13.53 0.286485298594 0
13.54 0.285530347599 0
13.55 0.284578579774 0
13.56 0.283629984508 0
13.57 0.282684551226 0
13.58 0.281742269389 0
13.59 0.280803128491 0
13.6 0.279867118062 0
13.61 0.278934227669 0
13.62 0.27800444691 0
13.63 0.27707776542 0
13.64 0.276154172869 0
13.65 0.275233658959 0
13.66 0.274316213429 0
13.67 0.273401826051 0
13.68 0.272490486631 0
13.69 0.271582185009 0
13.7 0.270676911059 0
13.71 0.269774654689 0
13.72 0.26887540584 0
13.73 0.267979154487 0
13.74 0.267085890639 0
13.75 0.266195604337 0
13.76 0.265308285655 0
13.77 0.264423924703 0
13.78 0.263542511621 0
13.79 0.262664036582 0
13.8 0.261788489794 0
13.81 0.260915861494 0
13.82 0.260046141956 0
13.83 0.259179321483 0
13.84 0.258315390411 0
13.85 0.25745433911 0
13.86 0.256596157979 0
13.87 0.255740837453 0
13.88 0.254888367995 0
13.89 0.254038740101 0
13.9 0.253191944301 0
13.91 0.252347971153 0
13.92 0.251506811249 0
13.93 0.250668455212 0
13.94 0.249832893695 0
13.95 0.249000117382 0
13.96 0.248170116991 0
13.97 0.247342883268 0
13.98 0.24651840699 0
13.99 0.245696678967 0
14.0 0.244877690037 0
14.01 0.24406143107 0
14.02 0.243247892967 0
14.03 0.242437066657 0
14.04 0.241628943101 0
14.05 0.240823513291 0
14.06 0.240020768246 0
14.07 0.239220699019 0
14.08 0.238423296689 0
14.09 0.237628552367 0
14.1 0.236836457192 0
14.11 0.236047002335 0
14.12 0.235260178994 0
14.13 0.234475978397 0
14.14 0.233694391802 0
14.15 0.232915410496 0
14.16 0.232139025795 0
14.17 0.231365229042 0
14.18 0.230594011612 0
14.19 0.229825364907 0
14.2 0.229059280357 0
14.21 0.228295749422 0
14.22 0.227534763591 0
14.23 0.226776314379 0
14.24 0.226020393331 0
14.25 0.22526699202 0
14.26 0.224516102047 0
14.27 0.22376771504 0
14.28 0.223021822656 0
14.29 0.222278416581 0
14.3 0.221537488525 0
14.31 0.22079903023 0
14.32 0.220063033463 0
14.33 0.219329490018 0
14.34 0.218598391718 0
14.35 0.217869730412 0
14.36 0.217143497978 0
14.37 0.216419686318 0
14.38 0.215698287363 0
14.39 0.214979293072 0
14.4 0.214262695428 0
14.41 0.213548486444 0
14.42 0.212836658156 0
14.43 0.212127202628 0
14.44 0.211420111953 0
14.45 0.210715378246 0
14.46 0.210012993652 0
14.47 0.20931295034 0
14.48 0.208615240506 0
14.49 0.207919856371 0
14.5 0.207226790183 0
14.51 0.206536034215 0
14.52 0.205847580768 0
14.53 0.205161422165 0
14.54 0.204477550758 0
14.55 0.203795958922 0
14.56 0.203116639059 0
14.57 0.202439583596 0
14.58 0.201764784984 0
14.59 0.201092235701 0
14.6 0.200421928248 0
14.61 0.199753855154 0
14.62 0.19908800897 0
14.63 0.198424382274 0
14.64 0.197762967666 0
14.65 0.197103757774 0
14.66 0.196446745248 0
14.67 0.195791922764 0
14.68 0.195139283021 0
14.69 0.194488818744 0
14.7 0.193840522682 0
14.71 0.193194387606 0
14.72 0.192550406314 0
14.73 0.191908571627 0
14.74 0.191268876388 0
14.75 0.190631313467 0
14.76 0.189995875755 0
14.77 0.189362556169 0
14.78 0.188731347649 0
14.79 0.188102243156 0
14.8 0.187475235679 0
14.81 0.186850318227 0
14.82 0.186227483833 0
14.83 0.185606725553 0
14.84 0.184988036468 0
14.85 0.18437140968 0
14.86 0.183756838314 0
14.87 0.18314431552 0
14.88 0.182533834468 0
14.89 0.181925388353 0
14.9 0.181318970392 0
14.91 0.180714573824 0
14.92 0.180112191912 0
14.93 0.179511817939 0
14.94 0.178913445212 0
14.95 0.178317067061 0
14.96 0.177722676838 0
14.97 0.177130267915 0
14.98 0.176539833689 0
14.99 0.175951367576 0
15.0 0.175364863018 0
15.01 0.181446980141 2
15.02 0.187508823541 2
15.03 0.193550460795 2
15.04 0.199571959259 2
15.05 0.205573386062 2
15.06 0.211554808108 2
15.07 0.217516292081 2
15.08 0.223457904441 2
15.09 0.229379711426 2
15.1 0.235281779055 2
15.11 0.241164173125 2
15.12 0.247026959214 2
15.13 0.252870202684 2
15.14 0.258693968675 2
15.15 0.264498322112 2
15.16 0.270283327705 2
15.17 0.276049049946 2
15.18 0.281795553113 2
15.19 0.287522901269 2
15.2 0.293231158265 2
15.21 0.298920387738 2
15.22 0.304590653112 2
15.23 0.310242017601 2
15.24 0.315874544209 2
15.25 0.321488295729 2
15.26 0.327083334743 2
15.27 0.332659723627 2
15.28 0.338217524548 2
15.29 0.343756799467 2
15.3 0.349277610135 2
15.31 0.354780018101 2
15.32 0.360264084708 2
15.33 0.365729871092 2
15.34 0.371177438188 2
15.35 0.376606846728 2
15.36 0.382018157239 2
15.37 0.387411430048 2
15.38 0.392786725281 2
15.39 0.398144102863 2
15.4 0.40348362252 2
15.41 0.408805343779 2
15.42 0.414109325966 2
15.43 0.419395628213 2
15.44 0.424664309452 2
15.45 0.429915428421 2
15.46 0.435149043659 2
15.47 0.440365213514 2
15.48 0.445563996135 2
15.49 0.450745449482 2
15.5 0.455909631317 2
15.51 0.461056599212 2
15.52 0.466186410548 2
15.53 0.471299122513 2
15.54 0.476394792105 2
15.55 0.481473476131 2
15.56 0.486535231211 2
15.57 0.491580113773 2
15.58 0.496608180061 2
15.59 0.501619486127 2
15.6 0.50661408784 2
15.61 0.511592040881 2
15.62 0.516553400744 2
15.63 0.521498222742 2
15.64 0.526426561999 2
15.65 0.531338473459 2
15.66 0.536234011881 2
15.67 0.541113231842 2
15.68 0.545976187735 2
15.69 0.550822933776 2
15.7 0.555653523997 2
15.71 0.56046801225 2
15.72 0.565266452209 2
15.73 0.570048897369 2
15.74 0.574815401044 2
15.75 0.579566016374 2
15.76 0.58430079632 2
15.77 0.589019793665 2
15.78 0.59372306102 2
15.79 0.598410650816 2
15.8 0.603082615313 2
15.81 0.607739006596 2
15.82 0.612379876574 2
15.83 0.617005276985 2
15.84 0.621615259395 2
15.85 0.626209875197 2
15.86 0.630789175613 2
15.87 0.635353211695 2
15.88 0.639902034322 2
15.89 0.644435694208 2
15.9 0.648954241894 2
15.91 0.653457727754 2
15.92 0.657946201995 2
15.93 0.662419714655 2
15.94 0.666878315606 2
15.95 0.671322054554 2
15.96 0.675750981039 2
15.97 0.680165144435 2
15.98 0.684564593954 2
15.99 0.688949378641 2
16.0 0.693319547379 2
16.01 0.697675148887 2
16.02 0.702016231724 2
16.03 0.706342844285 2
16.04 0.710655034804 2
16.05 0.714952851355 2
16.06 0.719236341851 2
16.07 0.723505554044 2
16.08 0.727760535531 2
16.09 0.732001333746 2
16.1 0.736227995967 2
16.11 0.740440569313 2
16.12 0.744639100749 2
16.13 0.74882363708 2
16.14 0.752994224956 2
16.15 0.757150910873 2
16.16 0.76129374117 2
16.17 0.765422762033 2
16.18 0.769538019493 2
16.19 0.773639559428 2
16.2 0.777727427563 2
16.21 0.781801669471 2
16.22 0.785862330573 2
16.23 0.789909456138 2
16.24 0.793943091284 2
16.25 0.79796328098 2
16.26 0.801970070043 2
16.27 0.805963503143 2
16.28 0.809943624799 2
16.29 0.813910479383 2
16.3 0.817864111119 2
16.31 0.821804564081 2
16.32 0.825731882201 2
16.33 0.829646109261 2
16.34 0.833547288896 2
16.35 0.8374354646 2
16.36 0.841310679718 2
16.37 0.845172977452 2
16.38 0.849022400861 2
16.39 0.852858992858 2
16.4 0.856682796215 2
16.41 0.860493853561 2
16.42 0.864292207382 2
16.43 0.868077900025 2
16.44 0.871850973691 2
16.45 0.875611470445 2
16.46 0.879359432211 2
16.47 0.88309490077 2
16.48 0.886817917767 2
16.49 0.890528524708 2
16.5 0.894226762959 2
16.51 0.897912673749 2
16.52 0.90158629817 2
16.53 0.905247677176 2
16.54 0.908896851586 2
16.55 0.91253386208 2
16.56 0.916158749207 2
16.57 0.919771553376 2
16.58 0.923372314865 2
16.59 0.926961073815 2
16.6 0.930537870236 2
16.61 0.934102744002 2
16.62 0.937655734855 2
16.63 0.941196882406 2
16.64 0.944726226131 2
16.65 0.948243805377 2
16.66 0.951749659359 2
16.67 0.955243827161 2
16.68 0.958726347737 2
16.69 0.962197259912 2
16.7 0.965656602379 2
16.71 0.969104413704 2
16.72 0.972540732325 2
16.73 0.975965596551 2
16.74 0.979379044562 2
16.75 0.982781114414 2
16.76 0.986171844032 2
16.77 0.989551271219 2
16.78 0.992919433648 2
16.79 0.996276368869 2
16.8 0.999622114306 2
16.81 1.00295670726 2
16.82 1.0062801849 2
16.83 1.00959258428 2
16.84 1.01289394234 2
16.85 1.01618429586 2
16.86 1.01946368154 2
16.87 1.02273213594 2
16.88 1.02598969548 2
16.89 1.0292363965 2
16.9 1.03247227518 2
16.91 1.03569736759 2
16.92 1.0389117097 2
16.93 1.04211533734 2
16.94 1.04530828621 2
16.95 1.04849059192 2
16.96 1.05166228995 2
16.97 1.05482341565 2
16.98 1.05797400427 2
16.99 1.06111409092 2
17.0 1.06424371062 2
17.01 1.06069623158 0
17.02 1.05716057748 0
17.03 1.05363670888 0
17.04 1.05012458652 0
17.05 1.04662417123 0
17.06 1.04313542399 0
17.07 1.03965830591 0
17.08 1.03619277823 0
17.09 1.0327388023 0
17.1 1.02929633963 0
17.11 1.02586535183 0
17.12 1.02244580066 0
17.13 1.01903764799 0
17.14 1.01564085583 0
17.15 1.01225538631 0
17.16 1.00888120169 0
17.17 1.00551826435 0
17.18 1.0021665368 0
17.19 0.998825981676 0
17.2 0.995496561737 0
17.21 0.992178239865 0
17.22 0.988870979065 0
17.23 0.985574742469 0
17.24 0.982289493327 0
17.25 0.979015195016 0
17.26 0.975751811033 0
17.27 0.972499304996 0
17.28 0.969257640646 0
17.29 0.966026781844 0
17.3 0.962806692571 0
17.31 0.959597336929 0
17.32 0.956398679139 0
17.33 0.953210683542 0
17.34 0.950033314597 0
17.35 0.946866536882 0
17.36 0.943710315092 0
17.37 0.940564614042 0
17.38 0.937429398662 0
17.39 0.934304633999 0
17.4 0.931190285219 0
17.41 0.928086317602 0
17.42 0.924992696543 0
17.43 0.921909387555 0
17.44 0.918836356263 0
17.45 0.915773568409 0
17.46 0.912720989847 0
17.47 0.909678586548 0
17.48 0.906646324593 0
17.49 0.903624170177 0
17.5 0.90061208961 0
17.51 0.897610049311 0
17.52 0.894618015814 0
17.53 0.891635955761 0
17.54 0.888663835908 0
17.55 0.885701623122 0
17.56 0.882749284378 0
17.57 0.879806786764 0
17.58 0.876874097475 0
17.59 0.873951183816 0
17.6 0.871038013204 0
17.61 0.86813455316 0
17.62 0.865240771316 0
17.63 0.862356635411 0
17.64 0.859482113293 0
17.65 0.856617172916 0
17.66 0.853761782339 0
17.67 0.850915909731 0
17.68 0.848079523366 0
17.69 0.845252591621 0
17.7 0.842435082982 0
17.71 0.839626966039 0
17.72 0.836828209486 0
17.73 0.834038782121 0
17.74 0.831258652847 0
17.75 0.828487790671 0
17.76 0.825726164702 0
17.77 0.822973744153 0
17.78 0.820230498339 0
17.79 0.817496396678 0
17.8 0.814771408689 0
17.81 0.812055503993 0
17.82 0.809348652313 0
17.83 0.806650823472 0
17.84 0.803961987394 0
17.85 0.801282114103 0
17.86 0.798611173722 0
17.87 0.795949136477 0
17.88 0.793295972688 0
17.89 0.790651652779 0
17.9 0.78801614727 0
17.91 0.785389426779 0
17.92 0.782771462023 0
17.93 0.780162223817 0
17.94 0.777561683071 0
17.95 0.774969810794 0
17.96 0.772386578091 0
17.97 0.769811956164 0
17.98 0.76724591631 0
17.99 0.764688429922 0
18.0 0.762139468489 0
18.01 0.759599003594 0
18.02 0.757067006916 0
18.03 0.754543450226 0
18.04 0.752028305392 0
18.05 0.749521544374 0
18.06 0.747023139226 0
18.07 0.744533062095 0
18.08 0.742051285222 0
18.09 0.739577780938 0
18.1 0.737112521668 0
18.11 0.734655479929 0
18.12 0.732206628329 0
18.13 0.729765939568 0
18.14 0.727333386436 0
18.15 0.724908941815 0
18.16 0.722492578675 0
18.17 0.72008427008 0
18.18 0.71768398918 0
18.19 0.715291709216 0
18.2 0.712907403518 0
18.21 0.710531045506 0
18.22 0.708162608688 0
18.23 0.705802066659 0
18.24 0.703449393104 0
18.25 0.701104561793 0
18.26 0.698767546587 0
18.27 0.696438321432 0
18.28 0.694116860361 0
18.29 0.691803137493 0
18.3 0.689497127034 0
18.31 0.687198803278 0
18.32 0.6849081406 0
18.33 0.682625113465 0
18.34 0.68034969642 0
18.35 0.678081864098 0
18.36 0.675821591218 0
18.37 0.673568852581 0
18.38 0.671323623072 0
18.39 0.669085877662 0
18.4 0.666855591403 0
18.41 0.664632739432 0
18.42 0.662417296967 0
18.43 0.66020923931 0
18.44 0.658008541846 0
18.45 0.65581518004 0
18.46 0.65362912944 0
18.47 0.651450365675 0
18.48 0.649278864456 0
18.49 0.647114601574 0
18.5 0.644957552902 0
18.51 0.642807694393 0
18.52 0.640665002078 0
18.53 0.638529452071 0
18.54 0.636401020564 0
18.55 0.634279683829 0
18.56 0.632165418216 0
18.57 0.630058200156 0
18.58 0.627958006155 0
18.59 0.625864812801 0
18.6 0.623778596759 0
18.61 0.621699334769 0
18.62 0.619627003654 0
18.63 0.617561580308 0
18.64 0.615503041707 0
18.65 0.613451364901 0
18.66 0.611406527018 0
18.67 0.609368505262 0
18.68 0.607337276911 0
18.69 0.605312819321 0
18.7 0.603295109923 0
18.71 0.601284126223 0
18.72 0.599279845803 0
18.73 0.597282246317 0
18.74 0.595291305496 0
18.75 0.593307001144 0
18.76 0.59132931114 0
18.77 0.589358213436 0
18.78 0.587393686058 0
18.79 0.585435707105 0
18.8 0.583484254748 0
18.81 0.581539307232 0
18.82 0.579600842874 0
18.83 0.577668840065 0
18.84 0.575743277265 0
18.85 0.573824133007 0
18.86 0.571911385897 0
18.87 0.570005014611 0
18.88 0.568104997895 0
18.89 0.566211314569 0
18.9 0.564323943521 0
18.91 0.562442863709 0
18.92 0.560568054163 0
18.93 0.558699493983 0
18.94 0.556837162336 0
18.95 0.554981038462 0
18.96 0.553131101667 0
18.97 0.551287331328 0
18.98 0.54944970689 0
18.99 0.547618207867 0
19.0 0.545792813841 0
19.01 0.543973504461 0
19.02 0.542160259446 0
19.03 0.540353058582 0
19.04 0.53855188172 0
19.05 0.536756708781 0
19.06 0.534967519751 0
19.07 0.533184294686 0
19.08 0.531407013703 0
19.09 0.529635656991 0
19.1 0.527870204801 0
19.11 0.526110637452 0
19.12 0.524356935327 0
19.13 0.522609078876 0
19.14 0.520867048613 0
19.15 0.519130825117 0
19.16 0.517400389034 0
19.17 0.51567572107 0
19.18 0.513956802 0
19.19 0.51224361266 0
19.2 0.510536133951 0
19.21 0.508834346838 0
19.22 0.507138232348 0
19.23 0.505447771574 0
19.24 0.503762945669 0
19.25 0.50208373585 0
19.26 0.500410123397 0
19.27 0.498742089652 0
19.28 0.49707961602 0
19.29 0.495422683967 0
19.3 0.49377127502 0
19.31 0.49212537077 0
19.32 0.490484952868 0
19.33 0.488850003025 0
19.34 0.487220503015 0
19.35 0.485596434671 0
19.36 0.483977779889 0
19.37 0.482364520623 0
19.38 0.480756638887 0
19.39 0.479154116758 0
19.4 0.477556936368 0
19.41 0.475965079914 0
19.42 0.474378529648 0
19.43 0.472797267882 0
19.44 0.471221276989 0
19.45 0.469650539399 0
19.46 0.468085037601 0
19.47 0.466524754142 0
19.48 0.464969671629 0
19.49 0.463419772723 0
19.5 0.461875040147 0
19.51 0.46033545668 0
19.52 0.458801005158 0
19.53 0.457271668474 0
19.54 0.455747429579 0
19.55 0.454228271481 0
19.56 0.452714177242 0
19.57 0.451205129985 0
19.58 0.449701112885 0
19.59 0.448202109175 0
19.6 0.446708102145 0
19.61 0.445219075138 0
19.62 0.443735011554 0
19.63 0.442255894849 0
19.64 0.440781708532 0
19.65 0.439312436171 0
19.66 0.437848061383 0
19.67 0.436388567846 0
19.68 0.434933939286 0
19.69 0.433484159488 0
19.7 0.43203921229 0
19.71 0.430599081583 0
19.72 0.429163751311 0
19.73 0.427733205473 0
19.74 0.426307428121 0
19.75 0.424886403361 0
19.76 0.42347011535 0
19.77 0.422058548299 0
19.78 0.420651686471 0
19.79 0.419249514183 0
19.8 0.417852015802 0
19.81 0.416459175749 0
19.82 0.415070978497 0
19.83 0.413687408569 0
19.84 0.41230845054 0
19.85 0.410934089038 0
19.86 0.409564308741 0
19.87 0.408199094379 0
19.88 0.406838430731 0
19.89 0.405482302629 0
19.9 0.404130694953 0
19.91 0.402783592637 0
19.92 0.401440980661 0
19.93 0.400102844059 0
19.94 0.398769167912 0
19.95 0.397439937352 0
19.96 0.396115137561 0
19.97 0.394794753769 0
19.98 0.393478771257 0
19.99 0.392167175353 0
20.0 0.390859951435 0
20.01 0.38955708493 0
20.02 0.388258561313 0
20.03 0.386964366109 0
20.04 0.385674484889 0
20.05 0.384388903272 0
20.06 0.383107606928 0
20.07 0.381830581572 0
20.08 0.380557812967 0
20.09 0.379289286923 0
20.1 0.3780249893 0
20.11 0.376764906003 0
20.12 0.375509022983 0
20.13 0.374257326239 0
20.14 0.373009801819 0
20.15 0.371766435812 0
20.16 0.37052721436 0
20.17 0.369292123645 0
20.18 0.3680611499 0
20.19 0.3668342794 0
20.2 0.365611498469 0
20.21 0.364392793474 0
20.22 0.363178150829 0
20.23 0.361967556993 0
20.24 0.36076099847 0
20.25 0.359558461808 0
20.26 0.358359933602 0
20.27 0.35716540049 0
20.28 0.355974849155 0
20.29 0.354788266324 0
20.3 0.35360563877 0
20.31 0.352426953307 0
20.32 0.351252196796 0
20.33 0.35008135614 0
20.34 0.348914418287 0
20.35 0.347751370226 0
20.36 0.346592198992 0
20.37 0.345436891662 0
20.38 0.344285435356 0
20.39 0.343137817238 0
20.4 0.341994024514 0
20.41 0.340854044432 0
20.42 0.339717864284 0
20.43 0.338585471403 0
20.44 0.337456853165 0
20.45 0.336331996988 0
20.46 0.335210890331 0
20.47 0.334093520697 0
20.48 0.332979875628 0
20.49 0.331869942709 0
20.5 0.330763709567 0
20.51 0.329661163868 0
20.52 0.328562293322 0
20.53 0.327467085678 0
20.54 0.326375528725 0
20.55 0.325287610296 0
20.56 0.324203318262 0
20.57 0.323122640535 0
20.58 0.322045565066 0
20.59 0.320972079849 0
20.6 0.319902172916 0
20.61 0.31883583234 0
20.62 0.317773046232 0
20.63 0.316713802745 0
20.64 0.315658090069 0
20.65 0.314605896435 0
20.66 0.313557210114 0
20.67 0.312512019414 0
20.68 0.311470312682 0
20.69 0.310432078307 0
20.7 0.309397304712 0
20.71 0.308365980363 0
20.72 0.307338093762 0
20.73 0.306313633449 0
20.74 0.305292588005 0
20.75 0.304274946045 0
20.76 0.303260696224 0
20.77 0.302249827237 0
20.78 0.301242327813 0
20.79 0.30023818672 0
20.8 0.299237392764 0
20.81 0.298239934789 0
20.82 0.297245801673 0
20.83 0.296254982334 0
20.84 0.295267465726 0
20.85 0.29428324084 0
20.86 0.293302296704 0
20.87 0.292324622382 0
20.88 0.291350206974 0
20.89 0.290379039617 0
20.9 0.289411109485 0
20.91 0.288446405787 0
20.92 0.287484917767 0
20.93 0.286526634708 0
20.94 0.285571545926 0
20.95 0.284619640773 0
20.96 0.283670908637 0
20.97 0.282725338941 0
20.98 0.281782921145 0
20.99 0.280843644741 0
21.0 0.279907499259 0
21.01 0.278974474261 0
21.02 0.278044559347 0
21.03 0.277117744149 0
21.04 0.276194018335 0
21.05 0.275273371608 0
21.06 0.274355793702 0
21.07 0.27344127439 0
21.08 0.272529803475 0
21.09 0.271621370797 0
21.1 0.270715966228 0
21.11 0.269813579674 0
21.12 0.268914201075 0
21.13 0.268017820404 0
21.14 0.26712442767 0
21.15 0.266234012911 0
21.16 0.265346566201 0
21.17 0.264462077647 0
21.18 0.263580537388 0
21.19 0.262701935597 0
21.2 0.261826262478 0
21.21 0.26095350827 0
21.22 0.260083663242 0
21.23 0.259216717698 0
21.24 0.258352661973 0
21.25 0.257491486433 0
21.26 0.256633181478 0
21.27 0.25577773754 0
21.28 0.254925145081 0
21.29 0.254075394598 0
21.3 0.253228476616 0
21.31 0.252384381694 0
21.32 0.251543100421 0
21.33 0.25070462342 0
21.34 0.249868941342 0
21.35 0.249036044871 0
21.36 0.248205924721 0
21.37 0.247378571639 0
21.38 0.2465539764 0
21.39 0.245732129812 0
21.4 0.244913022713 0
21.41 0.24409664597 0
21.42 0.243282990484 0
21.43 0.242472047182 0
21.44 0.241663807025 0
21.45 0.240858261001 0
21.46 0.240055400131 0
21.47 0.239255215464 0
21.48 0.238457698079 0
21.49 0.237662839086 0
21.5 0.236870629622 0
21.51 0.236081060857 0
21.52 0.235294123987 0
21.53 0.234509810241 0
21.54 0.233728110873 0
21.55 0.23294901717 0
21.56 0.232172520446 0
21.57 0.231398612045 0
21.58 0.230627283338 0
21.59 0.229858525727 0
21.6 0.229092330641 0
21.61 0.228328689539 0
21.62 0.227567593907 0
21.63 0.226809035261 0
21.64 0.226053005143 0
21.65 0.225299495126 0
21.66 0.224548496809 0
21.67 0.22380000182 0
21.68 0.223054001814 0
21.69 0.222310488474 0
21.7 0.221569453513 0
21.71 0.220830888668 0
21.72 0.220094785705 0
21.73 0.21936113642 0
21.74 0.218629932632 0
21.75 0.21790116619 0
21.76 0.217174828969 0
21.77 0.216450912872 0
21.78 0.215729409829 0
21.79 0.215010311797 0
21.8 0.214293610757 0
21.81 0.213579298721 0
21.82 0.212867367726 0
21.83 0.212157809833 0
21.84 0.211450617134 0
21.85 0.210745781743 0
21.86 0.210043295804 0
21.87 0.209343151485 0
21.88 0.20864534098 0
21.89 0.20794985651 0
21.9 0.207256690322 0
21.91 0.206565834687 0
21.92 0.205877281905 0
21.93 0.205191024299 0
21.94 0.204507054218 0
21.95 0.203825364037 0
21.96 0.203145946157 0
21.97 0.202468793003 0
21.98 0.201793897026 0
21.99 0.201121250703 0
22.0 0.200450846534 0
22.01 0.199782677045 0
22.02 0.199116734789 0
22.03 0.198453012339 0
22.04 0.197791502298 0
22.05 0.19713219729 0
22.06 0.196475089966 0
22.07 0.195820173 0
22.08 0.19516743909 0
22.09 0.194516880959 0
22.1 0.193868491356 0
22.11 0.193222263052 0
22.12 0.192578188841 0
22.13 0.191936261545 0
22.14 0.191296474007 0
22.15 0.190658819093 0
22.16 0.190023289696 0
22.17 0.189389878731 0
22.18 0.188758579135 0
22.19 0.188129383871 0
22.2 0.187502285925 0
22.21 0.186877278305 0
22.22 0.186254354044 0
22.23 0.185633506197 0
22.24 0.185014727843 0
22.25 0.184398012084 0
22.26 0.183783352044 0
22.27 0.18317074087 0
22.28 0.182560171734 0
22.29 0.181951637828 0
22.3 0.181345132369 0
22.31 0.180740648594 0
22.32 0.180138179766 0
22.33 0.179537719166 0
22.34 0.178939260102 0
22.35 0.178342795902 0
22.36 0.177748319916 0
22.37 0.177155825516 0
22.38 0.176565306098 0
22.39 0.175976755077 0
22.4 0.175390165894 0
22.41 0.174805532007 0
22.42 0.174222846901 0
22.43 0.173642104078 0
22.44 0.173063297064 0
22.45 0.172486419407 0
22.46 0.171911464676 0
22.47 0.17133842646 0
22.48 0.170767298372 0
22.49 0.170198074044 0
22.5 0.169630747131 0
22.51 0.169065311307 0
22.52 0.168501760269 0
22.53 0.167940087735 0
22.54 0.167380287443 0
22.55 0.166822353151 0
22.56 0.166266278641 0
22.57 0.165712057712 0
22.58 0.165159684186 0
22.59 0.164609151905 0
22.6 0.164060454732 0
22.61 0.16351358655 0
22.62 0.162968541262 0
22.63 0.162425312791 0
22.64 0.161883895081 0
22.65 0.161344282098 0
22.66 0.160806467824 0
22.67 0.160270446265 0
22.68 0.159736211444 0
22.69 0.159203757406 0
22.7 0.158673078214 0
22.71 0.158144167954 0
22.72 0.157617020727 0
22.73 0.157091630658 0
22.74 0.156567991889 0
22.75 0.156046098583 0
22.76 0.155525944921 0
22.77 0.155007525104 0
22.78 0.154490833354 0
22.79 0.15397586391 0
22.8 0.15346261103 0
22.81 0.152951068993 0
22.82 0.152441232097 0
22.83 0.151933094656 0
22.84 0.151426651007 0
22.85 0.150921895504 0
22.86 0.150418822519 0
22.87 0.149917426444 0
22.88 0.149417701689 0
22.89 0.148919642683 0
22.9 0.148423243875 0
22.91 0.147928499728 0
22.92 0.147435404729 0
22.93 0.14694395338 0
22.94 0.146454140202 0
22.95 0.145965959735 0
22.96 0.145479406536 0
22.97 0.144994475181 0
22.98 0.144511160263 0
22.99 0.144029456396 0
23.0 0.143549358208 0
23.01 0.143070860347 0
23.02 0.142593957479 0
23.03 0.142118644288 0
23.04 0.141644915473 0
23.05 0.141172765755 0
23.06 0.140702189869 0
23.07 0.14023318257 0
23.08 0.139765738628 0
23.09 0.139299852832 0
23.1 0.13883551999 0
23.11 0.138372734923 0
23.12 0.137911492473 0
23.13 0.137451787498 0
23.14 0.136993614873 0
23.15 0.13653696949 0
23.16 0.136081846259 0
23.17 0.135628240105 0
23.18 0.135176145971 0
23.19 0.134725558818 0
23.2 0.134276473622 0
23.21 0.133828885376 0
23.22 0.133382789092 0
23.23 0.132938179795 0
23.24 0.132495052529 0
23.25 0.132053402354 0
23.26 0.131613224346 0
23.27 0.131174513598 0
23.28 0.130737265219 0
23.29 0.130301474335 0
23.3 0.129867136087 0
23.31 0.129434245634 0
23.32 0.129002798148 0
23.33 0.128572788821 0
23.34 0.128144212858 0
23.35 0.127717065482 0
23.36 0.127291341931 0
23.37 0.126867037458 0
23.38 0.126444147333 0
23.39 0.126022666842 0
23.4 0.125602591285 0
23.41 0.125183915981 0
23.42 0.124766636261 0
23.43 0.124350747474 0
23.44 0.123936244982 0
23.45 0.123523124165 0
23.46 0.123111380418 0
23.47 0.12270100915 0
23.48 0.122292005786 0
23.49 0.121884365767 0
23.5 0.121478084548 0
23.51 0.121073157599 0
23.52 0.120669580407 0
23.53 0.120267348473 0
23.54 0.119866457311 0
23.55 0.119466902453 0
23.56 0.119068679445 0
23.57 0.118671783847 0
23.58 0.118276211234 0
23.59 0.117881957197 0
23.6 0.117489017339 0
23.61 0.117097387282 0
23.62 0.116707062657 0
23.63 0.116318039115 0
23.64 0.115930312318 0
23.65 0.115543877944 0
23.66 0.115158731684 0
23.67 0.114774869245 0
23.68 0.114392286348 0
23.69 0.114010978726 0
23.7 0.113630942131 0
23.71 0.113252172323 0
23.72 0.112874665082 0
23.73 0.112498416199 0
23.74 0.112123421478 0
23.75 0.11174967674 0
23.76 0.111377177817 0
23.77 0.111005920558 0
23.78 0.110635900823 0
23.79 0.110267114487 0
23.8 0.109899557438 0
23.81 0.10953322558 0
23.82 0.109168114828 0
23.83 0.108804221112 0
23.84 0.108441540375 0
23.85 0.108080068574 0
23.86 0.107719801679 0
23.87 0.107360735673 0
23.88 0.107002866554 0
23.89 0.106646190332 0
23.9 0.106290703031 0
23.91 0.105936400688 0
23.92 0.105583279352 0
23.93 0.105231335088 0
23.94 0.104880563971 0
23.95 0.104530962091 0
23.96 0.104182525551 0
23.97 0.103835250465 0
23.98 0.103489132964 0
23.99 0.103144169187 0
24.0 0.106133688623 1
24.01 0.109113242995 1
24.02 0.112082865518 1
24.03 0.1150425893 1
24.04 0.117992447335 1
24.05 0.120932472511 1
24.06 0.123862697602 1
24.07 0.126783155277 1
24.08 0.129693878093 1
24.09 0.132594898499 1
24.1 0.135486248838 1
24.11 0.138367961341 1
24.12 0.141240068137 1
24.13 0.144102601243 1
24.14 0.146955592572 1
24.15 0.14979907393 1
24.16 0.152633077017 1
24.17 0.155457633427 1
24.18 0.158272774649 1
24.19 0.161078532067 1
24.2 0.16387493696 1
24.21 0.166662020504 1
24.22 0.169439813769 1
24.23 0.172208347723 1
24.24 0.17496765323 1
24.25 0.177717761053 1
24.26 0.180458701849 1
24.27 0.183190506176 1
24.28 0.185913204489 1
24.29 0.188626827141 1
24.3 0.191331404384 1
24.31 0.194026966369 1
24.32 0.196713543148 1
24.33 0.199391164671 1
24.34 0.202059860789 1
24.35 0.204719661253 1
24.36 0.207370595715 1
24.37 0.210012693729 1
24.38 0.21264598475 1
24.39 0.215270498134 1
24.4 0.217886263141 1
24.41 0.22049330893 1
24.42 0.223091664567 1
24.43 0.225681359019 1
24.44 0.228262421155 1
24.45 0.230834879751 1
24.46 0.233398763485 1
24.47 0.23595410094 1
24.48 0.238500920604 1
24.49 0.241039250869 1
24.5 0.243569120032 1
24.51 0.246090556299 1
24.52 0.248603587778 1
24.53 0.251108242485 1
24.54 0.253604548344 1
24.55 0.256092533183 1
24.56 0.258572224739 1
24.57 0.261043650656 1
24.58 0.263506838487 1
24.59 0.265961815692 1
24.6 0.26840860964 1
24.61 0.270847247608 1
24.62 0.273277756783 1
24.63 0.27570016426 1
24.64 0.278114497046 1
24.65 0.280520782056 1
24.66 0.282919046115 1
24.67 0.285309315962 1
24.68 0.287691618242 1
24.69 0.290065979514 1
24.7 0.292432426249 1
24.71 0.294790984829 1
24.72 0.297141681546 1
24.73 0.299484542607 1
24.74 0.301819594132 1
24.75 0.304146862151 1
24.76 0.306466372611 1
24.77 0.308778151369 1
24.78 0.311082224198 1
24.79 0.313378616784 1
24.8 0.315667354728 1
24.81 0.317948463545 1
24.82 0.320221968667 1
24.83 0.322487895438 1
24.84 0.32474626912 1
24.85 0.326997114889 1
24.86 0.32924045784 1
24.87 0.33147632298 1
24.88 0.333704735237 1
24.89 0.335925719453 1
24.9 0.338139300388 1
24.91 0.34034550272 1
24.92 0.342544351044 1
24.93 0.344735869874 1
24.94 0.346920083641 1
24.95 0.349097016696 1
24.96 0.351266693307 1
24.97 0.353429137663 1
24.98 0.35558437387 1
24.99 0.357732425957 1
25.0 0.356539984538 0
25.01 0.355351517922 0
25.02 0.354167012863 0
25.03 0.352986456153 0
25.04 0.351809834633 0
25.05 0.350637135184 0
25.06 0.349468344733 0
25.07 0.348303450251 0
25.08 0.34714243875 0
25.09 0.345985297287 0
25.1 0.344832012963 0
25.11 0.34368257292 0
25.12 0.342536964344 0
25.13 0.341395174462 0
25.14 0.340257190548 0
25.15 0.339122999912 0
25.16 0.337992589913 0
25.17 0.336865947946 0
25.18 0.335743061453 0
25.19 0.334623917915 0
25.2 0.333508504855 0
25.21 0.332396809839 0
25.22 0.331288820473 0
25.23 0.330184524405 0
25.24 0.329083909323 0
25.25 0.327986962959 0
25.26 0.326893673082 0
25.27 0.325804027505 0
25.28 0.32471801408 0
25.29 0.3236356207 0
25.3 0.322556835298 0
25.31 0.321481645847 0
25.32 0.320410040361 0
25.33 0.319342006893 0
25.34 0.318277533537 0
25.35 0.317216608425 0
25.36 0.31615921973 0
25.37 0.315105355664 0
25.38 0.314055004479 0
25.39 0.313008154464 0
25.4 0.311964793949 0
25.41 0.310924911302 0
25.42 0.309888494931 0
25.43 0.308855533282 0
25.44 0.307826014837 0
25.45 0.306799928121 0
25.46 0.305777261694 0
25.47 0.304758004155 0
25.48 0.303742144141 0
25.49 0.302729670328 0
25.5 0.301720571426 0
25.51 0.300714836188 0
25.52 0.299712453401 0
25.53 0.29871341189 0
25.54 0.297717700517 0
25.55 0.296725308182 0
25.56 0.295736223821 0
25.57 0.294750436408 0
25.58 0.293767934954 0
25.59 0.292788708504 0
25.6 0.291812746142 0
25.61 0.290840036988 0
25.62 0.289870570198 0
25.63 0.288904334964 0
25.64 0.287941320514 0
25.65 0.286981516113 0
25.66 0.286024911059 0
25.67 0.285071494689 0
25.68 0.284121256373 0
25.69 0.283174185519 0
25.7 0.282230271567 0
25.71 0.281289503995 0
25.72 0.280351872315 0
25.73 0.279417366074 0
25.74 0.278485974854 0
25.75 0.277557688271 0
25.76 0.276632495977 0
25.77 0.275710387657 0
25.78 0.274791353031 0
25.79 0.273875381854 0
25.8 0.272962463915 0
25.81 0.272052589035 0
25.82 0.271145747072 0
25.83 0.270241927915 0
25.84 0.269341121488 0
25.85 0.26844331775 0
25.86 0.267548506691 0
25.87 0.266656678335 0
25.88 0.265767822741 0
25.89 0.264881929998 0
25.9 0.263998990232 0
25.91 0.263118993598 0
25.92 0.262241930286 0
25.93 0.261367790518 0
25.94 0.26049656455 0
25.95 0.259628242668 0
25.96 0.258762815192 0
25.97 0.257900272475 0
25.98 0.2570406049 0
25.99 0.256183802884 0
26.0 0.258663190207 1
26.01 0.261134312907 1
26.02 0.26359719853 1
26.03 0.266051874535 1
26.04 0.268498368287 1
26.05 0.270936707059 1
26.06 0.273366918036 1
26.07 0.275789028309 1
26.08 0.278203064881 1
26.09 0.280609054665 1
26.1 0.283007024483 1
26.11 0.285397001068 1
26.12 0.287779011064 1
26.13 0.290153081027 1
26.14 0.292519237424 1
26.15 0.294877506633 1
26.16 0.297227914944 1
26.17 0.299570488561 1
26.18 0.301905253599 1
26.19 0.304232236087 1
26.2 0.306551461966 1
26.21 0.308862957093 1
26.22 0.311166747236 1
26.23 0.313462858079 1
26.24 0.315751315219 1
26.25 0.318032144168 1
26.26 0.320305370354 1
26.27 0.322571019119 1
26.28 0.324829115722 1
26.29 0.327079685337 1
26.3 0.329322753052 1
26.31 0.331558343875 1
26.32 0.333786482729 1
26.33 0.336007194453 1
26.34 0.338220503805 1
26.35 0.340426435459 1
26.36 0.342625014008 1
26.37 0.344816263961 1
26.38 0.347000209748 1
26.39 0.349176875715 1
26.4 0.351346286129 1
26.41 0.353508465176 1
26.42 0.355663436958 1
26.43 0.357811225502 1
26.44 0.35995185475 1
26.45 0.362085348568 1
26.46 0.364211730739 1
26.47 0.36633102497 1
26.48 0.368443254887 1
26.49 0.370548444037 1
26.5 0.37264661589 1
26.51 0.374737793837 1
26.52 0.376822001191 1
26.53 0.378899261187 1
26.54 0.380969596983 1
26.55 0.38303303166 1
26.56 0.385089588221 1
26.57 0.387139289594 1
26.58 0.389182158629 1
26.59 0.3912182181 1
26.6 0.393247490706 1
26.61 0.39526999907 1
26.62 0.39728576574 1
26.63 0.399294813188 1
26.64 0.40129716381 1
26.65 0.403292839931 1
26.66 0.405281863798 1
26.67 0.407264257585 1
26.68 0.409240043393 1
26.69 0.411209243249 1
26.7 0.413171879105 1
26.71 0.415127972841 1
26.72 0.417077546265 1
26.73 0.41902062111 1
26.74 0.42095721904 1
26.75 0.422887361643 1
26.76 0.424811070438 1
26.77 0.42672836687 1
26.78 0.428639272313 1
26.79 0.430543808072 1
26.8 0.432441995379 1
26.81 0.434333855394 1
26.82 0.43621940921 1
26.83 0.438098677846 1
26.84 0.439971682253 1
26.85 0.441838443312 1
26.86 0.443698981834 1
26.87 0.445553318561 1
26.88 0.447401474166 1
26.89 0.449243469252 1
26.9 0.451079324355 1
26.91 0.45290905994 1
26.92 0.454732696407 1
26.93 0.456550254086 1
26.94 0.458361753239 1
26.95 0.460167214061 1
26.96 0.461966656681 1
26.97 0.463760101159 1
26.98 0.465547567488 1
26.99 0.467329075597 1
27.0 0.465771312011 0
27.01 0.464218740971 0
27.02 0.462671345168 0
27.03 0.461129107351 0
27.04 0.459592010326 0
27.05 0.458060036959 0
27.06 0.456533170169 0
27.07 0.455011392935 0
27.08 0.453494688292 0
27.09 0.451983039331 0
27.1 0.4504764292 0
27.11 0.448974841102 0
27.12 0.447478258299 0
27.13 0.445986664104 0
27.14 0.444500041891 0
27.15 0.443018375084 0
27.16 0.441541647167 0
27.17 0.440069841677 0
27.18 0.438602942205 0
27.19 0.437140932397 0
27.2 0.435683795956 0
27.21 0.434231516636 0
27.22 0.432784078247 0
27.23 0.431341464653 0
27.24 0.429903659771 0
27.25 0.428470647572 0
27.26 0.42704241208 0
27.27 0.425618937373 0
27.28 0.424200207582 0
27.29 0.42278620689 0
27.3 0.421376919533 0
27.31 0.419972329802 0
27.32 0.418572422036 0
27.33 0.417177180629 0
27.34 0.415786590027 0
27.35 0.414400634727 0
27.36 0.413019299278 0
27.37 0.41164256828 0
27.38 0.410270426386 0
27.39 0.408902858298 0
27.4 0.40753984877 0
27.41 0.406181382608 0
27.42 0.404827444666 0
27.43 0.40347801985 0
27.44 0.402133093117 0
27.45 0.400792649473 0
27.46 0.399456673975 0
27.47 0.398125151729 0
27.48 0.39679806789 0
27.49 0.395475407663 0
27.5 0.394157156304 0
27.51 0.392843299117 0
27.52 0.391533821453 0
27.53 0.390228708715 0
27.54 0.388927946352 0
27.55 0.387631519865 0
27.56 0.386339414798 0
27.57 0.385051616749 0
27.58 0.38376811136 0
27.59 0.382488884322 0
27.6 0.381213921374 0
27.61 0.379943208303 0
27.62 0.378676730942 0
27.63 0.377414475172 0
27.64 0.376156426922 0
27.65 0.374902572165 0
27.66 0.373652896925 0
27.67 0.372407387268 0
27.68 0.371166029311 0
27.69 0.369928809213 0
27.7 0.368695713182 0
27.71 0.367466727472 0
27.72 0.36624183838 0
27.73 0.365021032252 0
27.74 0.363804295478 0
27.75 0.362591614493 0
27.76 0.361382975778 0
27.77 0.360178365859 0
27.78 0.358977771306 0
27.79 0.357781178735 0
27.8 0.356588574806 0
27.81 0.355399946223 0
27.82 0.354215279736 0
27.83 0.353034562137 0
27.84 0.351857780263 0
27.85 0.350684920995 0
27.86 0.349515971259 0
27.87 0.348350918021 0
27.88 0.347189748294 0
27.89 0.346032449133 0
27.9 0.344879007636 0
27.91 0.343729410944 0
27.92 0.342583646241 0
27.93 0.341441700753 0
27.94 0.340303561751 0
27.95 0.339169216545 0
27.96 0.33803865249 0
27.97 0.336911856982 0
27.98 0.335788817458 0
27.99 0.3346695214 0
28.0 0.336887289662 1
28.01 0.339097665363 1
28.02 0.341300673145 1
28.03 0.343496337568 1
28.04 0.34568468311 1
28.05 0.347865734166 1
28.06 0.350039515052 1
28.07 0.352206050002 1
28.08 0.354365363169 1
28.09 0.356517478625 1
28.1 0.358662420363 1
28.11 0.360800212295 1
28.12 0.362930878254 1
28.13 0.365054441993 1
28.14 0.367170927186 1
28.15 0.369280357429 1
28.16 0.371382756238 1
28.17 0.37347814705 1
28.18 0.375566553227 1
28.19 0.377647998049 1
28.2 0.379722504722 1
28.21 0.381790096373 1
28.22 0.383850796052 1
28.23 0.385904626732 1
28.24 0.387951611309 1
28.25 0.389991772605 1
28.26 0.392025133363 1
28.27 0.394051716252 1
28.28 0.396071543864 1
28.29 0.398084638718 1
28.3 0.400091023256 1
28.31 0.402090719845 1
28.32 0.404083750779 1
28.33 0.406070138276 1
28.34 0.408049904482 1
28.35 0.410023071467 1
28.36 0.411989661229 1
28.37 0.413949695691 1
28.38 0.415903196706 1
28.39 0.41785018605 1
28.4 0.41979068543 1
28.41 0.421724716478 1
28.42 0.423652300757 1
28.43 0.425573459754 1
28.44 0.427488214888 1
28.45 0.429396587505 1
28.46 0.43129859888 1
28.47 0.433194270218 1
28.48 0.43508362265 1
28.49 0.436966677241 1
28.5 0.438843454984 1
28.51 0.440713976801 1
28.52 0.442578263545 1
28.53 0.444436335999 1
28.54 0.446288214879 1
28.55 0.44813392083 1
28.56 0.449973474427 1
28.57 0.451806896179 1
28.58 0.453634206525 1
28.59 0.455455425837 1
28.6 0.457270574417 1
28.61 0.459079672502 1
28.62 0.460882740261 1
28.63 0.462679797793 1
28.64 0.464470865134 1
28.65 0.46625596225 1
28.66 0.468035109043 1
28.67 0.469808325346 1
28.68 0.471575630928 1
28.69 0.473337045492 1
28.7 0.475092588673 1
28.71 0.476842280044 1
28.72 0.478586139111 1
28.73 0.480324185314 1
28.74 0.482056438029 1
28.75 0.483782916569 1
28.76 0.485503640181 1
28.77 0.487218628047 1
28.78 0.488927899287 1
28.79 0.490631472956 1
28.8 0.492329368046 1
28.81 0.494021603486 1
28.82 0.495708198141 1
28.83 0.497389170814 1
28.84 0.499064540244 1
28.85 0.50073432511 1
28.86 0.502398544026 1
28.87 0.504057215546 1
28.88 0.505710358161 1
28.89 0.507357990301 1
28.9 0.509000130333 1
28.91 0.510636796565 1
28.92 0.512268007243 1
28.93 0.513893780552 1
28.94 0.515514134617 1
28.95 0.517129087502 1
28.96 0.51873865721 1
28.97 0.520342861686 1
28.98 0.521941718814 1
28.99 0.523535246418 1
29.0 0.52179012893 0
29.01 0.5200508285 0
29.02 0.518317325738 0
29.03 0.516589601319 0
29.04 0.514867635982 0
29.05 0.513151410528 0
29.06 0.511440905827 0
29.07 0.509736102807 0
29.08 0.508036982464 0
29.09 0.506343525856 0
29.1 0.504655714103 0
29.11 0.50297352839 0
29.12 0.501296949962 0
29.13 0.499625960128 0
29.14 0.497960540261 0
29.15 0.496300671794 0
29.16 0.494646336221 0
29.17 0.4929975151 0
29.18 0.49135419005 0
29.19 0.48971634275 0
29.2 0.488083954941 0
29.21 0.486457008424 0
29.22 0.484835485063 0
29.23 0.483219366779 0
29.24 0.481608635557 0
29.25 0.480003273438 0
29.26 0.478403262527 0
29.27 0.476808584985 0
29.28 0.475219223035 0
29.29 0.473635158958 0
29.3 0.472056375095 0
29.31 0.470482853845 0
29.32 0.468914577665 0
29.33 0.467351529073 0
29.34 0.465793690643 0
29.35 0.464241045007 0
29.36 0.462693574857 0
29.37 0.461151262941 0
29.38 0.459614092065 0
29.39 0.458082045091 0
29.4 0.456555104941 0
29.41 0.455033254591 0
29.42 0.453516477076 0
29.43 0.452004755485 0
29.44 0.450498072967 0
29.45 0.448996412724 0
29.46 0.447499758015 0
29.47 0.446008092155 0
29.48 0.444521398514 0
29.49 0.443039660519 0
29.5 0.441562861651 0
29.51 0.440090985445 0
29.52 0.438624015494 0
29.53 0.437161935442 0
29.54 0.435704728991 0
29.55 0.434252379894 0
29.56 0.432804871961 0
29.57 0.431362189055 0
29.58 0.429924315091 0
29.59 0.428491234041 0
29.6 0.427062929927 0
29.61 0.425639386828 0
29.62 0.424220588871 0
29.63 0.422806520242 0
29.64 0.421397165174 0
29.65 0.419992507957 0
29.66 0.418592532931 0
29.67 0.417197224488 0
29.68 0.415806567073 0
29.69 0.414420545182 0
29.7 0.413039143365 0
29.71 0.411662346221 0
29.72 0.4102901384 0
29.73 0.408922504605 0
29.74 0.40755942959 0
29.75 0.406200898158 0
29.76 0.404846895164 0
29.77 0.403497405513 0
29.78 0.402152414162 0
29.79 0.400811906114 0
29.8 0.399475866427 0
29.81 0.398144280206 0
29.82 0.396817132605 0
29.83 0.39549440883 0
29.84 0.394176094134 0
29.85 0.39286217382 0
29.86 0.391552633241 0
29.87 0.390247457797 0
29.88 0.388946632937 0
29.89 0.387650144161 0
29.9 0.386357977014 0
29.91 0.38507011709 0
29.92 0.383786550033 0
29.93 0.382507261533 0
29.94 0.381232237328 0
29.95 0.379961463204 0
29.96 0.378694924993 0
29.97 0.377432608576 0
29.98 0.376174499881 0
29.99 0.374920584881 0
30.0 0.377004182932 1
30.01 0.379080835655 1
30.02 0.381150566203 1
30.03 0.383213397649 1
30.04 0.38526935299 1
30.05 0.387318455147 1
30.06 0.389360726963 1
30.07 0.391396191207 1
30.08 0.393424870569 1
30.09 0.395446787667 1
30.1 0.397461965042 1
30.11 0.399470425158 1
30.12 0.401472190408 1
30.13 0.403467283106 1
30.14 0.405455725496 1
30.15 0.407437539744 1
30.16 0.409412747945 1
30.17 0.411381372119 1
30.18 0.413343434212 1
30.19 0.415298956098 1
30.2 0.417247959577 1
30.21 0.419190466379 1
30.22 0.421126498158 1
30.23 0.423056076497 1
30.24 0.424979222909 1
30.25 0.426895958832 1
30.26 0.428806305636 1
30.27 0.430710284617 1
30.28 0.432607917002 1
30.29 0.434499223945 1
30.3 0.436384226532 1
30.31 0.438262945777 1
30.32 0.440135402625 1
30.33 0.442001617949 1
30.34 0.443861612556 1
30.35 0.445715407181 1
30.36 0.44756302249 1
30.37 0.449404479082 1
30.38 0.451239797485 1
30.39 0.45306899816 1
30.4 0.454892101499 1
30.41 0.456709127828 1
30.42 0.458520097402 1
30.43 0.46032503041 1
30.44 0.462123946976 1
30.45 0.463916867152 1
30.46 0.465703810929 1
30.47 0.467484798225 1
30.48 0.469259848898 1
30.49 0.471028982735 1
30.5 0.472792219459 1
30.51 0.474549578728 1
30.52 0.476301080132 1
30.53 0.478046743198 1
30.54 0.479786587388 1
30.55 0.481520632096 1
30.56 0.483248896656 1
30.57 0.484971400334 1
30.58 0.486688162333 1
30.59 0.488399201792 1
30.6 0.490104537786 1
30.61 0.491804189326 1
30.62 0.493498175362 1
30.63 0.495186514777 1
30.64 0.496869226395 1
30.65 0.498546328973 1
30.66 0.50021784121 1
30.67 0.501883781739 1
30.68 0.503544169134 1
30.69 0.505199021903 1
30.7 0.506848358497 1
30.71 0.508492197302 1
30.72 0.510130556644 1
30.73 0.511763454789 1
30.74 0.513390909939 1
30.75 0.51501294024 1
30.76 0.516629563772 1
30.77 0.51824079856 1
30.78 0.519846662564 1
30.79 0.521447173689 1
30.8 0.523042349777 1
30.81 0.524632208611 1
30.82 0.526216767916 1
30.83 0.527796045356 1
30.84 0.529370058538 1
30.85 0.53093882501 1
30.86 0.53250236226 1
30.87 0.534060687719 1
30.88 0.53561381876 1
30.89 0.537161772697 1
30.9 0.538704566788 1
30.91 0.540242218232 1
30.92 0.541774744171 1
30.93 0.543302161691 1
30.94 0.544824487818 1
30.95 0.546341739526 1
30.96 0.547853933727 1
30.97 0.549361087282 1
30.98 0.550863216991 1
30.99 0.552360339601 1
31.0 0.550519138469 0
31.01 0.548684074674 0
31.02 0.546855127758 0
31.03 0.545032277332 0
31.04 0.543215503075 0
31.05 0.541404784731 0
31.06 0.539600102115 0
31.07 0.537801435108 0
31.08 0.536008763658 0
31.09 0.534222067779 0
31.1 0.532441327553 0
31.11 0.530666523128 0
31.12 0.528897634717 0
31.13 0.527134642602 0
31.14 0.525377527126 0
31.15 0.523626268703 0
31.16 0.521880847807 0
31.17 0.520141244981 0
31.18 0.518407440831 0
31.19 0.516679416028 0
31.2 0.514957151308 0
31.21 0.51324062747 0
31.22 0.511529825379 0
31.23 0.509824725961 0
31.24 0.508125310208 0
31.25 0.506431559174 0
31.26 0.504743453976 0
31.27 0.503060975796 0
31.28 0.501384105877 0
31.29 0.499712825524 0
31.3 0.498047116106 0
31.31 0.496386959052 0
31.32 0.494732335855 0
31.33 0.493083228069 0
31.34 0.491439617309 0
31.35 0.489801485251 0
31.36 0.488168813634 0
31.37 0.486541584255 0
31.38 0.484919778974 0
31.39 0.483303379711 0
31.4 0.481692368445 0
31.41 0.480086727217 0
31.42 0.478486438126 0
31.43 0.476891483332 0
31.44 0.475301845055 0
31.45 0.473717505571 0
31.46 0.472138447219 0
31.47 0.470564652395 0
31.48 0.468996103554 0
31.49 0.467432783209 0
31.5 0.465874673931 0
31.51 0.464321758352 0
31.52 0.462774019157 0
31.53 0.461231439093 0
31.54 0.459694000963 0
31.55 0.458161687626 0
31.56 0.456634482001 0
31.57 0.455112367061 0
31.58 0.453595325837 0
31.59 0.452083341418 0
31.6 0.450576396947 0
31.61 0.449074475623 0
31.62 0.447577560705 0
31.63 0.446085635502 0
31.64 0.444598683384 0
31.65 0.443116687773 0
31.66 0.441639632147 0
31.67 0.44016750004 0
31.68 0.438700275039 0
31.69 0.437237940789 0
31.7 0.435780480987 0
31.71 0.434327879383 0
31.72 0.432880119786 0
31.73 0.431437186053 0
31.74 0.429999062099 0
31.75 0.428565731892 0
31.76 0.427137179453 0
31.77 0.425713388855 0
31.78 0.424294344225 0
31.79 0.422880029744 0
31.8 0.421470429645 0
31.81 0.420065528213 0
31.82 0.418665309786 0
31.83 0.417269758753 0
31.84 0.415878859557 0
31.85 0.414492596692 0
31.86 0.413110954703 0
31.87 0.411733918187 0
31.88 0.410361471793 0
31.89 0.408993600221 0
31.9 0.40763028822 0
31.91 0.406271520593 0
31.92 0.404917282191 0
31.93 0.403567557917 0
31.94 0.402222332724 0
31.95 0.400881591615 0
31.96 0.399545319642 0
31.97 0.39821350191 0
31.98 0.396886123571 0
31.99 0.395563169825 0
32.0 0.397577959259 1
32.01 0.399586032728 1
32.02 0.401587412619 1
32.03 0.403582121244 1
32.04 0.40557018084 1
32.05 0.40755161357 1
32.06 0.409526441525 1
32.07 0.41149468672 1
32.08 0.413456371098 1
32.09 0.415411516527 1
32.1 0.417360144806 1
32.11 0.419302277656 1
32.12 0.421237936731 1
32.13 0.423167143608 1
32.14 0.425089919796 1
32.15 0.42700628673 1
32.16 0.428916265774 1
32.17 0.430819878222 1
32.18 0.432717145294 1
32.19 0.434608088143 1
32.2 0.43649272785 1
32.21 0.438371085423 1
32.22 0.440243181805 1
32.23 0.442109037866 1
32.24 0.443968674407 1
32.25 0.445822112158 1
32.26 0.447669371785 1
32.27 0.449510473879 1
32.28 0.451345438966 1
32.29 0.453174287503 1
32.3 0.454997039878 1
32.31 0.456813716411 1
32.32 0.458624337357 1
32.33 0.460428922899 1
32.34 0.462227493156 1
32.35 0.464020068179 1
32.36 0.465806667951 1
32.37 0.467587312391 1
32.38 0.46936202135 1
32.39 0.471130814612 1
32.4 0.472893711897 1
32.41 0.474650732857 1
32.42 0.476401897081 1
32.43 0.478147224091 1
32.44 0.479886733344 1
32.45 0.481620444233 1
32.46 0.483348376085 1
32.47 0.485070548165 1
32.48 0.486786979671 1
32.49 0.488497689739 1
32.5 0.49020269744 1
32.51 0.491902021782 1
32.52 0.493595681709 1
32.53 0.495283696103 1
32.54 0.496966083783 1
32.55 0.498642863504 1
32.56 0.500314053959 1
32.57 0.501979673779 1
32.58 0.503639741533 1
32.59 0.505294275728 1
32.6 0.506943294809 1
32.61 0.508586817159 1
32.62 0.510224861102 1
32.63 0.511857444898 1
32.64 0.513484586749 1
32.65 0.515106304793 1
32.66 0.51672261711 1
32.67 0.51833354172 1
32.68 0.519939096581 1
32.69 0.521539299592 1
32.7 0.523134168594 1
32.71 0.524723721365 1
32.72 0.526307975627 1
32.73 0.527886949042 1
32.74 0.529460659211 1
32.75 0.531029123681 1
32.76 0.532592359935 1
32.77 0.534150385402 1
32.78 0.535703217451 1
32.79 0.537250873393 1
32.8 0.538793370481 1
32.81 0.540330725913 1
32.82 0.541862956827 1
32.83 0.543390080304 1
32.84 0.54491211337 1
32.85 0.546429072992 1
32.86 0.547940976082 1
32.87 0.549447839495 1
32.88 0.55094968003 1
32.89 0.55244651443 1
32.9 0.553938359382 1
32.91 0.555425231517 1
32.92 0.556907147412 1
32.93 0.558384123587 1
32.94 0.559856176509 1
32.95 0.561323322587 1
32.96 0.562785578178 1
32.97 0.564242959584 1
32.98 0.565695483052 1
32.99 0.567143164775 1
33.0 0.56525268756 0
33.01 0.563368511934 0
33.02 0.561490616895 0
33.03 0.559618981505 0
33.04 0.5577535849 0
33.05 0.555894406284 0
33.06 0.554041424929 0
33.07 0.55219462018 0
33.08 0.550353971446 0
33.09 0.548519458207 0
33.1 0.546691060013 0
33.11 0.54486875648 0
33.12 0.543052527292 0
33.13 0.541242352201 0
33.14 0.539438211027 0
33.15 0.537640083657 0
33.16 0.535847950045 0
33.17 0.534061790211 0
33.18 0.532281584244 0
33.19 0.530507312296 0
33.2 0.528738954589 0
33.21 0.526976491407 0
33.22 0.525219903102 0
33.23 0.523469170092 0
33.24 0.521724272858 0
33.25 0.519985191948 0
33.26 0.518251907975 0
33.27 0.516524401615 0
33.28 0.51480265361 0
33.29 0.513086644765 0
33.3 0.511376355949 0
33.31 0.509671768096 0
33.32 0.507972862202 0
33.33 0.506279619328 0
33.34 0.504592020597 0
33.35 0.502910047195 0
33.36 0.501233680371 0
33.37 0.499562901436 0
33.38 0.497897691765 0
33.39 0.496238032792 0
33.4 0.494583906016 0
33.41 0.492935292996 0
33.42 0.491292175353 0
33.43 0.489654534768 0
33.44 0.488022352986 0
33.45 0.486395611809 0
33.46 0.484774293103 0
33.47 0.483158378793 0
33.48 0.481547850864 0
33.49 0.479942691361 0
33.5 0.478342882389 0
33.51 0.476748406115 0
33.52 0.475159244761 0
33.53 0.473575380612 0
33.54 0.47199679601 0
33.55 0.470423473356 0
33.56 0.468855395112 0
33.57 0.467292543795 0
33.58 0.465734901982 0
33.59 0.464182452309 0
33.6 0.462635177468 0
33.61 0.46109306021 0
33.62 0.459556083342 0
33.63 0.458024229731 0
33.64 0.456497482299 0
33.65 0.454975824024 0
33.66 0.453459237944 0
33.67 0.451947707151 0
33.68 0.450441214794 0
33.69 0.448939744078 0
33.7 0.447443278264 0
33.71 0.44595180067 0
33.72 0.444465294668 0
33.73 0.442983743686 0
33.74 0.441507131207 0
33.75 0.440035440769 0
33.76 0.438568655967 0
33.77 0.437106760447 0
33.78 0.435649737912 0
33.79 0.434197572119 0
33.8 0.432750246879 0
33.81 0.431307746056 0
33.82 0.429870053569 0
33.83 0.42843715339 0
33.84 0.427009029546 0
33.85 0.425585666114 0
33.86 0.424167047227 0
33.87 0.42275315707 0
33.88 0.421343979879 0
33.89 0.419939499946 0
33.9 0.418539701613 0
33.91 0.417144569274 0
33.92 0.415754087377 0
33.93 0.414368240419 0
33.94 0.412987012951 0
33.95 0.411610389574 0
33.96 0.410238354943 0
33.97 0.408870893759 0
33.98 0.40750799078 0
33.99 0.406149630811 0
34.0 0.408129132042 1
34.01 0.410102034935 1
34.02 0.412068361485 1
34.03 0.414028133613 1
34.04 0.415981373168 1
34.05 0.417928101924 1
34.06 0.419868341584 1
34.07 0.421802113779 1
34.08 0.423729440066 1
34.09 0.425650341933 1
34.1 0.427564840793 1
34.11 0.42947295799 1
34.12 0.431374714797 1
34.13 0.433270132414 1
34.14 0.435159231973 1
34.15 0.437042034533 1
34.16 0.438918561085 1
34.17 0.440788832548 1
34.18 0.442652869773 1
34.19 0.44451069354 1
34.2 0.446362324562 1
34.21 0.44820778348 1
34.22 0.450047090868 1
34.23 0.451880267232 1
34.24 0.453707333008 1
34.25 0.455528308564 1
34.26 0.457343214203 1
34.27 0.459152070155 1
34.28 0.460954896588 1
34.29 0.462751713599 1
34.3 0.464542541221 1
34.31 0.466327399417 1
34.32 0.468106308085 1
34.33 0.469879287058 1
34.34 0.471646356101 1
34.35 0.473407534914 1
34.36 0.475162843131 1
34.37 0.476912300321 1
34.38 0.478655925987 1
34.39 0.480393739567 1
34.4 0.482125760435 1
34.41 0.4838520079 1
34.42 0.485572501207 1
34.43 0.487287259536 1
34.44 0.488996302004 1
34.45 0.490699647664 1
34.46 0.492397315506 1
34.47 0.494089324454 1
34.48 0.495775693372 1
34.49 0.497456441061 1
34.5 0.499131586258 1
34.51 0.500801147637 1
34.52 0.502465143811 1
34.53 0.504123593332 1
34.54 0.505776514687 1
34.55 0.507423926305 1
34.56 0.509065846551 1
34.57 0.510702293729 1
34.58 0.512333286083 1
34.59 0.513958841796 1
34.6 0.51557897899 1
34.61 0.517193715727 1
34.62 0.518803070008 1
34.63 0.520407059775 1
34.64 0.522005702909 1
34.65 0.523599017232 1
34.66 0.525187020508 1
34.67 0.52676973044 1
34.68 0.528347164672 1
34.69 0.529919340789 1
34.7 0.53148627632 1
34.71 0.533047988732 1
34.72 0.534604495437 1
34.73 0.536155813785 1
34.74 0.537701961073 1
34.75 0.539242954536 1
34.76 0.540778811354 1
34.77 0.542309548649 1
34.78 0.543835183487 1
34.79 0.545355732876 1
34.8 0.546871213766 1
34.81 0.548381643053 1
34.82 0.549887037577 1
34.83 0.551387414118 1
34.84 0.552882789404 1
34.85 0.554373180106 1
34.86 0.555858602839 1
34.87 0.557339074163 1
34.88 0.558814610583 1
34.89 0.560285228547 1
34.9 0.561750944452 1
34.91 0.563211774637 1
34.92 0.564667735388 1
34.93 0.566118842937 1
34.94 0.567565113461 1
34.95 0.569006563083 1
34.96 0.570443207872 1
34.97 0.571875063846 1
34.98 0.573302146967 1
34.99 0.574724473143 1
35.0 0.572808724899 0
35.01 0.570899362483 0
35.02 0.568996364608 0
35.03 0.56709971006 0
35.04 0.565209377693 0
35.05 0.563325346434 0
35.06 0.561447595279 0
35.07 0.559576103295 0
35.08 0.557710849617 0
35.09 0.555851813452 0
35.1 0.553998974073 0
35.11 0.552152310827 0
35.12 0.550311803124 0
35.13 0.548477430447 0
35.14 0.546649172345 0
35.15 0.544827008437 0
35.16 0.543010918409 0
35.17 0.541200882015 0
35.18 0.539396879075 0
35.19 0.537598889478 0
35.2 0.535806893179 0
35.21 0.534020870202 0
35.22 0.532240800635 0
35.23 0.530466664633 0
35.24 0.528698442417 0
35.25 0.526936114276 0
35.26 0.525179660562 0
35.27 0.523429061693 0
35.28 0.521684298154 0
35.29 0.519945350494 0
35.3 0.518212199325 0
35.31 0.516484825327 0
35.32 0.514763209243 0
35.33 0.513047331879 0
35.34 0.511337174106 0
35.35 0.509632716859 0
35.36 0.507933941136 0
35.37 0.506240827999 0
35.38 0.504553358572 0
35.39 0.502871514044 0
35.4 0.501195275664 0
35.41 0.499524624745 0
35.42 0.497859542662 0
35.43 0.496200010853 0
35.44 0.494546010817 0
35.45 0.492897524114 0
35.46 0.491254532367 0
35.47 0.489617017259 0
35.48 0.487984960535 0
35.49 0.486358344 0
35.5 0.48473714952 0
35.51 0.483121359022 0
35.52 0.481510954492 0
35.53 0.479905917977 0
35.54 0.478306231583 0
35.55 0.476711877478 0
35.56 0.475122837887 0
35.57 0.473539095094 0
35.58 0.471960631443 0
35.59 0.470387429339 0
35.6 0.468819471241 0
35.61 0.46725673967 0
35.62 0.465699217204 0
35.63 0.46414688648 0
35.64 0.462599730192 0
35.65 0.461057731091 0
35.66 0.459520871988 0
35.67 0.457989135748 0
35.68 0.456462505295 0
35.69 0.454940963611 0
35.7 0.453424493732 0
35.71 0.451913078753 0
35.72 0.450406701824 0
35.73 0.448905346151 0
35.74 0.447408994997 0
35.75 0.445917631681 0
35.76 0.444431239575 0
35.77 0.44294980211 0
35.78 0.44147330277 0
35.79 0.440001725094 0
35.8 0.438535052677 0
35.81 0.437073269168 0
35.82 0.435616358271 0
35.83 0.434164303743 0
35.84 0.432717089397 0
35.85 0.431274699099 0
35.86 0.429837116769 0
35.87 0.42840432638 0
35.88 0.426976311958 0
35.89 0.425553057585 0
35.9 0.424134547393 0
35.91 0.422720765569 0
35.92 0.42131169635 0
35.93 0.419907324029 0
35.94 0.418507632949 0
35.95 0.417112607506 0
35.96 0.415722232147 0
35.97 0.414336491373 0
35.98 0.412955369735 0
35.99 0.411578851836 0
36.0 0.413540255664 1
36.01 0.415495121478 1
36.02 0.417443471073 1
36.03 0.41938532617 1
36.04 0.421320708416 1
36.05 0.423249639388 1
36.06 0.42517214059 1
36.07 0.427088233454 1
36.08 0.428997939343 1
36.09 0.430901279545 1
36.1 0.43279827528 1
36.11 0.434688947696 1
36.12 0.43657331787 1
36.13 0.43845140681 1
36.14 0.440323235454 1
36.15 0.442188824669 1
36.16 0.444048195254 1
36.17 0.445901367936 1
36.18 0.447748363377 1
36.19 0.449589202165 1
36.2 0.451423904825 1
36.21 0.453252491809 1
36.22 0.455074983503 1
36.23 0.456891400224 1
36.24 0.458701762224 1
36.25 0.460506089683 1
36.26 0.462304402717 1
36.27 0.464096721375 1
36.28 0.465883065637 1
36.29 0.467663455418 1
36.3 0.469437910567 1
36.31 0.471206450865 1
36.32 0.472969096029 1
36.33 0.474725865709 1
36.34 0.47647677949 1
36.35 0.478221856891 1
36.36 0.479961117368 1
36.37 0.48169458031 1
36.38 0.483422265043 1
36.39 0.485144190826 1
36.4 0.486860376856 1
36.41 0.488570842267 1
36.42 0.490275606126 1
36.43 0.491974687439 1
36.44 0.493668105147 1
36.45 0.49535587813 1
36.46 0.497038025203 1
36.47 0.498714565119 1
36.48 0.500385516569 1
36.49 0.50205089818 1
36.5 0.50371072852 1
36.51 0.505365026091 1
36.52 0.507013809338 1
36.53 0.50865709664 1
36.54 0.510294906318 1
36.55 0.51192725663 1
36.56 0.513554165775 1
36.57 0.515175651889 1
36.58 0.516791733049 1
36.59 0.518402427272 1
36.6 0.520007752515 1
36.61 0.521607726673 1
36.62 0.523202367584 1
36.63 0.524791693025 1
36.64 0.526375720715 1
36.65 0.527954468313 1
36.66 0.529527953418 1
36.67 0.531096193574 1
36.68 0.532659206262 1
36.69 0.534217008908 1
36.7 0.535769618878 1
36.71 0.537317053482 1
36.72 0.53885932997 1
36.73 0.540396465537 1
36.74 0.541928477318 1
36.75 0.543455382394 1
36.76 0.544977197786 1
36.77 0.54649394046 1
36.78 0.548005627325 1
36.79 0.549512275234 1
36.8 0.551013900983 1
36.81 0.552510521313 1
36.82 0.554002152909 1
36.83 0.555488812399 1
36.84 0.556970516358 1
36.85 0.558447281303 1
36.86 0.559919123699 1
36.87 0.561386059953 1
36.88 0.56284810642 1
36.89 0.564305279399 1
36.9 0.565757595134 1
36.91 0.567205069817 1
36.92 0.568647719584 1
36.93 0.570085560519 1
36.94 0.571518608651 1
36.95 0.572946879955 1
36.96 0.574370390355 1
36.97 0.575789155721 1
36.98 0.577203191868 1
36.99 0.578612514562 1
37.0 0.57668380618 0
37.01 0.574761526826 0
37.02 0.57284565507 0
37.03 0.570936169553 0
37.04 0.569033048988 0
37.05 0.567136272158 0
37.06 0.565245817918 0
37.07 0.563361665191 0
37.08 0.561483792974 0
37.09 0.559612180331 0
37.1 0.557746806396 0
37.11 0.555887650375 0
37.12 0.55403469154 0
37.13 0.552187909235 0
37.14 0.550347282871 0
37.15 0.548512791928 0
37.16 0.546684415955 0
37.17 0.544862134569 0
37.18 0.543045927453 0
37.19 0.541235774362 0
37.2 0.539431655114 0
37.21 0.537633549597 0
37.22 0.535841437765 0
37.23 0.534055299639 0
37.24 0.532275115307 0
37.25 0.530500864923 0
37.26 0.528732528706 0
37.27 0.526970086944 0
37.28 0.525213519987 0
37.29 0.523462808254 0
37.3 0.521717932227 0
37.31 0.519978872453 0
37.32 0.518245609544 0
37.33 0.516518124179 0
37.34 0.514796397099 0
37.35 0.513080409108 0
37.36 0.511370141078 0
37.37 0.509665573941 0
37.38 0.507966688695 0
37.39 0.506273466399 0
37.4 0.504585888178 0
37.41 0.502903935217 0
37.42 0.501227588766 0
37.43 0.499556830137 0
37.44 0.497891640703 0
37.45 0.496232001901 0
37.46 0.494577895228 0
37.47 0.492929302244 0
37.48 0.49128620457 0
37.49 0.489648583888 0
37.5 0.488016421941 0
37.51 0.486389700535 0
37.52 0.484768401533 0
37.53 0.483152506861 0
37.54 0.481541998505 0
37.55 0.47993685851 0
37.56 0.478337068982 0
37.57 0.476742612085 0
37.58 0.475153470045 0
37.59 0.473569625145 0
37.6 0.471991059728 0
37.61 0.470417756195 0
37.62 0.468849697008 0
37.63 0.467286864685 0
37.64 0.465729241802 0
37.65 0.464176810996 0
37.66 0.46262955496 0
37.67 0.461087456443 0
37.68 0.459550498255 0
37.69 0.458018663261 0
37.7 0.456491934383 0
37.71 0.454970294602 0
37.72 0.453453726953 0
37.73 0.45194221453 0
37.74 0.450435740482 0
37.75 0.448934288013 0
37.76 0.447437840387 0
37.77 0.445946380919 0
37.78 0.444459892982 0
37.79 0.442978360006 0
37.8 0.441501765472 0
37.81 0.440030092921 0
37.82 0.438563325944 0
37.83 0.437101448191 0
37.84 0.435644443364 0
37.85 0.434192295219 0
37.86 0.432744987569 0
37.87 0.431302504277 0
37.88 0.429864829262 0
37.89 0.428431946498 0
37.9 0.42700384001 0
37.91 0.425580493877 0
37.92 0.42416189223 0
37.93 0.422748019256 0
37.94 0.421338859192 0
37.95 0.419934396328 0
37.96 0.418534615007 0
37.97 0.417139499624 0
37.98 0.415749034625 0
37.99 0.414363204509 0
38.0 0.412981993828 0
38.01 0.411605387182 0
38.02 0.410233369224 0
38.03 0.40886592466 0
38.04 0.407503038245 0
38.05 0.406144694784 0
38.06 0.404790879135 0
38.07 0.403441576204 0
38.08 0.40209677095 0
38.09 0.40075644838 0
38.1 0.399420593552 0
38.11 0.398089191574 0
38.12 0.396762227602 0
38.13 0.395439686843 0
38.14 0.394121554554 0
38.15 0.392807816039 0
38.16 0.391498456652 0
38.17 0.390193461796 0
38.18 0.388892816924 0
38.19 0.387596507534 0
38.2 0.386304519176 0
38.21 0.385016837445 0
38.22 0.383733447987 0
38.23 0.382454336494 0
38.24 0.381179488705 0
38.25 0.37990889041 0
38.26 0.378642527441 0
38.27 0.377380385683 0
38.28 0.376122451064 0
38.29 0.374868709561 0
38.3 0.373619147196 0
38.31 0.372373750038 0
38.32 0.371132504205 0
38.33 0.369895395858 0
38.34 0.368662411205 0
38.35 0.367433536501 0
38.36 0.366208758046 0
38.37 0.364988062185 0
38.38 0.363771435312 0
38.39 0.362558863861 0
38.4 0.361350334314 0
38.41 0.3601458332 0
38.42 0.358945347089 0
38.43 0.357748862599 0
38.44 0.35655636639 0
38.45 0.355367845169 0
38.46 0.354183285685 0
38.47 0.353002674733 0
38.48 0.35182599915 0
38.49 0.35065324582 0
38.5 0.349484401667 0
38.51 0.348319453662 0
38.52 0.347158388816 0
38.53 0.346001194187 0
38.54 0.344847856873 0
38.55 0.343698364016 0
38.56 0.342552702803 0
38.57 0.34141086046 0
38.58 0.340272824259 0
38.59 0.339138581511 0
38.6 0.338008119573 0
38.61 0.336881425841 0
38.62 0.335758487755 0
38.63 0.334639292796 0
38.64 0.333523828486 0
38.65 0.332412082391 0
38.66 0.331304042117 0
38.67 0.33019969531 0
38.68 0.329099029659 0
38.69 0.328002032893 0
38.7 0.326908692784 0
38.71 0.325818997141 0
38.72 0.324732933817 0
38.73 0.323650490704 0
38.74 0.322571655735 0
38.75 0.321496416883 0
38.76 0.32042476216 0
38.77 0.319356679619 0
38.78 0.318292157354 0
38.79 0.317231183496 0
38.8 0.316173746218 0
38.81 0.315119833731 0
38.82 0.314069434285 0
38.83 0.31302253617 0
38.84 0.311979127717 0
38.85 0.310939197291 0
38.86 0.3099027333 0
38.87 0.308869724189 0
38.88 0.307840158442 0
38.89 0.30681402458 0
38.9 0.305791311165 0
38.91 0.304772006794 0
38.92 0.303756100105 0
38.93 0.302743579771 0
38.94 0.301734434505 0
38.95 0.300728653057 0
38.96 0.299726224214 0
38.97 0.298727136799 0
38.98 0.297731379677 0
38.99 0.296738941745 0
39.0 0.295749811939 0
39.01 0.294763979232 0
39.02 0.293781432635 0
39.03 0.292802161193 0
39.04 0.291826153989 0
39.05 0.290853400142 0
39.06 0.289883888808 0
39.07 0.288917609179 0
39.08 0.287954550482 0
39.09 0.28699470198 0
39.1 0.286038052973 0
39.11 0.285084592797 0
39.12 0.284134310821 0
39.13 0.283187196451 0
39.14 0.28224323913 0
39.15 0.281302428333 0
39.16 0.280364753572 0
39.17 0.279430204393 0
39.18 0.278498770379 0
39.19 0.277570441144 0
39.2 0.27664520634 0
39.21 0.275723055652 0
39.22 0.2748039788 0
39.23 0.273887965538 0
39.24 0.272975005652 0
39.25 0.272065088967 0
39.26 0.271158205337 0
39.27 0.270254344653 0
39.28 0.269353496837 0
39.29 0.268455651848 0
39.3 0.267560799675 0
39.31 0.266668930342 0
39.32 0.265780033908 0
39.33 0.264894100462 0
39.34 0.264011120127 0
39.35 0.26313108306 0
39.36 0.262253979449 0
39.37 0.261379799518 0
39.38 0.26050853352 0
39.39 0.259640171741 0
39.4 0.258774704502 0
39.41 0.257912122154 0
39.42 0.25705241508 0
39.43 0.256195573696 0
39.44 0.255341588451 0
39.45 0.254490449822 0
39.46 0.253642148323 0
39.47 0.252796674495 0
39.48 0.251954018914 0
39.49 0.251114172184 0
39.5 0.250277124943 0
39.51 0.24944286786 0
39.52 0.248611391634 0
39.53 0.247782686995 0
39.54 0.246956744705 0
39.55 0.246133555556 0
39.56 0.245313110371 0
39.57 0.244495400003 0
39.58 0.243680415336 0
39.59 0.242868147285 0
39.6 0.242058586794 0
39.61 0.241251724838 0
39.62 0.240447552422 0
39.63 0.239646060581 0
39.64 0.238847240379 0
39.65 0.238051082911 0
39.66 0.237257579301 0
39.67 0.236466720704 0
39.68 0.235678498301 0
39.69 0.234892903307 0
39.7 0.234109926963 0
39.71 0.233329560539 0
39.72 0.232551795338 0
39.73 0.231776622686 0
39.74 0.231004033944 0
39.75 0.230234020498 0
39.76 0.229466573763 0
39.77 0.228701685183 0
39.78 0.227939346233 0
39.79 0.227179548412 0
39.8 0.226422283251 0
39.81 0.225667542307 0
39.82 0.224915317166 0
39.83 0.224165599442 0
39.84 0.223418380777 0
39.85 0.222673652841 0
39.86 0.221931407331 0
39.87 0.221191635974 0
39.88 0.22045433052 0
39.89 0.219719482752 0
39.9 0.218987084476 0
39.91 0.218257127528 0
39.92 0.217529603769 0
39.93 0.21680450509 0
39.94 0.216081823407 0
39.95 0.215361550662 0
39.96 0.214643678826 0
39.97 0.213928199897 0
39.98 0.213215105897 0
39.99 0.212504388878 0
