-100	0.00505521	0.193604	5.03375	0.0254467	0.0149095	28.0025	0.0356921	0.00053215	0.402822	0.00150118	2.47327	0.996287
-99	0.00546918	0.191199	5.08471	0.0278092	0.0162071	26.4881	0.0377298	0.000611491	0.383176	0.0016588	2.59852	0.99569
-98	0.00591473	0.188824	5.13509	0.0303727	0.0176131	25.0555	0.0398833	0.000702471	0.364489	0.00183294	2.72984	0.994996
-97	0.00639402	0.186478	5.18478	0.0331516	0.019136	23.7005	0.0421592	0.000806761	0.346712	0.00202532	2.86749	0.994192
-96	0.0069093	0.184162	5.23366	0.0361609	0.0207849	22.4187	0.0445644	0.000926265	0.329803	0.00223785	3.01168	0.99326
-95	0.00746294	0.181874	5.28159	0.0394162	0.0225695	21.2062	0.0471059	0.00106315	0.313718	0.00247262	3.16265	0.99218
-94	0.00805744	0.179615	5.32844	0.0429336	0.0245002	20.0593	0.0497913	0.0012199	0.298418	0.00273196	3.3206	0.990928
-93	0.00869542	0.177383	5.37407	0.0467297	0.0265882	18.9745	0.0526286	0.0013993	0.283864	0.00301842	3.48575	0.989479
-92	0.0093796	0.17518	5.41831	0.0508215	0.0288453	17.9483	0.0556262	0.00160455	0.27002	0.00333481	3.65825	0.9878
-91	0.0101129	0.173004	5.461	0.0552263	0.0312841	16.9776	0.0587928	0.00183928	0.256851	0.00368424	3.83826	0.985859
-90	0.0108982	0.170855	5.50197	0.0599615	0.0339183	16.0594	0.0621376	0.0021076	0.244324	0.00407014	4.02586	0.983614
-89	0.0117387	0.168732	5.54106	0.0650446	0.036762	15.1909	0.0656701	0.00241417	0.232408	0.00449627	4.22111	0.981021
-88	0.0126376	0.166636	5.57806	0.070493	0.0398306	14.3693	0.0694004	0.00276426	0.221074	0.0049668	4.42399	0.978027
-87	0.0135982	0.164566	5.61279	0.0763238	0.0431402	13.5922	0.073339	0.00316386	0.210292	0.0054863	4.63439	0.974574
-86	0.0146241	0.162522	5.64506	0.0825536	0.0467079	12.8571	0.0774966	0.00361971	0.200036	0.0060598	4.85212	0.970597
-85	0.0157187	0.160503	5.67466	0.0891984	0.0505521	12.1617	0.0818848	0.00413944	0.19028	0.00669285	5.07685	0.966021
-84	0.0168858	0.158509	5.70141	0.0962731	0.0546918	11.504	0.086515	0.00473166	0.181	0.00739154	5.3081	0.960765
-83	0.0181293	0.15654	5.72509	0.103792	0.0591473	10.8818	0.0913995	0.00540604	0.172172	0.00816257	5.54524	0.954737
-82	0.0194528	0.154596	5.74552	0.111767	0.0639402	10.2933	0.0965507	0.00617348	0.163775	0.0090133	5.78742	0.947836
-81	0.0208605	0.152675	5.7625	0.120209	0.069093	9.73662	0.101981	0.0070462	0.155788	0.0099518	6.03356	0.939955
-80	0.0223564	0.150779	5.77583	0.129127	0.0746294	9.21004	0.107704	0.00803792	0.14819	0.0109869	6.28232	0.930977
-79	0.0239445	0.148906	5.78535	0.138527	0.0805744	8.71194	0.113733	0.00916398	0.140963	0.0121284	6.53206	0.920776
-78	0.0256291	0.147056	5.79089	0.148415	0.0869542	8.24077	0.120081	0.0104415	0.134088	0.0133869	6.78082	0.909226
-77	0.0274143	0.145229	5.79228	0.158791	0.093796	7.79509	0.126761	0.0118896	0.127548	0.014774	7.0263	0.896193
-76	0.0293044	0.143425	5.7894	0.169655	0.101129	7.37351	0.133786	0.0135296	0.121328	0.0163025	7.26585	0.881549
-75	0.0313035	0.141644	5.78212	0.181001	0.108982	6.97474	0.141169	0.0153848	0.11541	0.0179862	7.49644	0.865168
-74	0.033416	0.139884	5.77034	0.192822	0.117387	6.59752	0.148922	0.0174815	0.109782	0.0198403	7.71473	0.846937
-73	0.0356461	0.138146	5.75399	0.205107	0.126376	6.24071	0.157058	0.0198483	0.104428	0.0218813	7.91709	0.826764
-72	0.0379978	0.13643	5.73302	0.217842	0.135982	5.9032	0.165585	0.0225166	0.0993347	0.024127	8.09967	0.804579
-71	0.0404753	0.134736	5.70741	0.231009	0.146241	5.58394	0.174515	0.0255211	0.0944901	0.026597	8.25852	0.780348
-70	0.0430825	0.133062	5.67716	0.244587	0.157187	5.28194	0.183853	0.0288993	0.0898818	0.0293122	8.38968	0.75408
-69	0.0458235	0.131409	5.64231	0.25855	0.168858	4.99628	0.193606	0.0326919	0.0854982	0.0322955	8.48942	0.72583
-68	0.048702	0.129776	5.60292	0.272873	0.181293	4.72607	0.203775	0.036943	0.0813284	0.0355712	8.55435	0.695712
-67	0.0517215	0.128164	5.55908	0.287524	0.194528	4.47047	0.214362	0.0416995	0.077362	0.0391657	8.58165	0.663893
-66	0.0548857	0.126572	5.51092	0.30247	0.208605	4.2287	0.225362	0.0470117	0.073589	0.0431073	8.56926	0.630603
-65	0.0581977	0.125	5.45858	0.317677	0.223564	4	0.236767	0.0529325	0.07	0.0474259	8.51601	0.596121
-64	0.0616606	0.123447	5.40226	0.333106	0.239445	3.78367	0.248564	0.0595173	0.0665861	0.0521536	8.42179	0.560774
-63	0.0652773	0.121914	5.34214	0.34872	0.256291	3.57904	0.260734	0.0668237	0.0633386	0.0573242	8.28756	0.524923
-62	0.0690504	0.120399	5.27845	0.364479	0.274143	3.38548	0.273253	0.0749102	0.0602496	0.0629734	8.11537	0.488948
-61	0.0729822	0.118904	5.21143	0.380342	0.293044	3.20238	0.286088	0.0838363	0.0573112	0.0691384	7.90829	0.453233
-60	0.0770747	0.117427	5.14135	0.396268	0.313035	3.02919	0.299202	0.0936608	0.0545161	0.0758582	7.67023	0.418151
-59	0.0813298	0.115968	5.06848	0.412219	0.33416	2.86536	0.312547	0.104441	0.0518573	0.0831727	7.40576	0.384043
-58	0.0857489	0.114527	4.9931	0.428153	0.356461	2.71039	0.326067	0.11623	0.0493282	0.091123	7.11991	0.351212
-57	0.0903331	0.113105	4.91551	0.444033	0.379978	2.56381	0.339698	0.129078	0.0469224	0.0997505	6.81789	0.319912
-56	0.0950833	0.1117	4.83599	0.459822	0.404753	2.42515	0.353369	0.143027	0.044634	0.109097	6.50488	0.290339
-55	-nan	0.110312	-nan	-nan	0.430825	2.29399	0.366997	0.158112	0.0424571	0.119203	6.18582	0.262632
-54	0.105083	0.108942	4.67235	0.490986	0.458235	2.16993	0.380494	0.174356	0.0403865	0.130108	5.86528	0.236878
-53	0.110333	0.107588	4.58881	0.506297	0.48702	2.05257	0.393764	0.191771	0.0384168	0.141851	5.5473	0.21311
-52	0.115749	0.106252	4.50449	0.521389	0.517215	1.94157	0.406706	0.210354	0.0365432	0.154465	5.23537	0.191317
-51	0.12133	0.104932	4.41966	0.536236	0.548857	1.83656	0.419214	0.230088	0.034761	0.167982	4.93236	0.171454
-50	0.127075	0.103629	4.33457	0.550814	0.581977	1.73723	0.431181	0.250937	0.0330657	0.182426	4.64056	0.153443
-49	0.132982	0.102341	4.24947	0.565104	0.616606	1.64328	0.4425	0.272848	0.031453	0.197816	4.36169	0.137188
-48	0.13905	0.10107	4.16458	0.579086	0.652773	1.55441	0.453067	0.29575	0.029919	0.214165	4.09695	0.122577
-47	0.145277	0.0998145	4.0801	0.592746	0.690504	1.47034	0.462782	0.319553	0.0284599	0.231475	3.84711	0.109488
-46	0.151661	0.0985746	3.99624	0.606072	0.729822	1.39082	0.471555	0.344151	0.0270719	0.24974	3.61256	0.0977988
-45	0.158198	0.0973501	3.91316	0.619053	0.770747	1.3156	0.479306	0.369424	0.0257516	0.268941	3.39336	0.0873844
-44	0.164886	0.0961408	3.83103	0.631682	0.813298	1.24445	0.485968	0.395237	0.0244956	0.28905	3.18932	0.0781245
-43	0.171722	0.0949465	3.74998	0.643952	0.857489	1.17715	0.491488	0.421446	0.023301	0.310026	3.00006	0.0699044
-42	0.178702	0.0937671	3.67014	0.655862	0.903331	1.11348	0.495831	0.4479	0.0221646	0.331812	2.82504	0.0626159
-41	0.185824	0.0926023	3.59162	0.667408	0.950833	1.05326	0.498978	0.474445	0.0210836	0.354344	2.66363	0.0561589
-40	0.193083	0.091452	3.51451	0.678591	-nan	0.996301	-nan	-nan	0.0200553	0.377541	2.51512	0.0504415
-39	0.200475	0.0903159	3.43889	0.689413	1.05083	0.942419	0.501693	0.527195	0.0190772	0.401312	2.37875	0.0453799
-38	0.207998	0.089194	3.36483	0.699877	1.10333	0.89145	0.501308	0.553109	0.0181468	0.425557	2.25375	0.0408985
-37	0.215646	0.088086	3.29238	0.709988	1.15749	0.843238	0.499818	0.578534	0.0172618	0.450166	2.13937	0.0369293
-36	0.223416	0.0869918	3.22157	0.71975	1.2133	0.797634	0.497282	0.603351	0.0164199	0.475021	2.03483	0.0334118
-35	0.231304	0.0859112	3.15244	0.72917	1.27075	0.754496	0.493768	0.627454	0.0156191	0.5	1.93942	0.030292
-34	0.239304	0.084844	3.08501	0.738256	1.32982	0.713691	0.489354	0.650753	0.0148574	0.524979	1.85241	0.027522
-33	0.247414	0.08379	3.01928	0.747014	1.3905	0.675092	0.484122	0.673173	0.0141328	0.549834	1.77315	0.0250596
-32	0.255629	0.0827491	2.95527	0.755454	1.45277	0.638582	0.478159	0.694656	0.0134435	0.574443	1.70101	0.0228675
-31	0.263945	0.0817212	2.89297	0.763583	1.51661	0.604046	0.471553	0.71516	0.0127878	0.598688	1.63539	0.0209131
-30	0.272356	0.0807061	2.83236	0.771411	1.58198	0.571377	0.464392	0.734657	0.0121642	0.622459	1.57574	0.0191675
-29	0.280861	0.0797035	2.77343	0.778948	1.64886	0.540476	0.45676	0.753132	0.0115709	0.645656	1.52154	0.0176057
-28	0.289453	0.0787134	2.71616	0.786201	1.71722	0.511245	0.44874	0.770584	0.0110066	0.668188	1.47233	0.0162054
-27	0.298129	0.0777356	2.66053	0.793182	1.78702	0.483596	0.440409	0.78702	0.0104698	0.689974	1.42767	0.0149474
-26	0.306886	0.07677	2.6065	0.799899	1.85824	0.457442	0.431839	0.802459	0.00995919	0.71095	1.38714	0.0138148
-25	0.315719	0.0758163	2.55405	0.806361	1.93083	0.432702	0.423096	0.816925	0.00947347	0.731059	1.35038	0.0127928
-24	0.324624	0.0748745	2.50314	0.812579	2.00475	0.409301	0.414241	0.830451	0.00901144	0.75026	1.31705	0.0118685
-23	0.333598	0.0739444	2.45373	0.81856	2.07998	0.387164	0.405327	0.843072	0.00857195	0.768525	1.28684	0.0110307
-22	0.342638	0.0730259	2.40579	0.824315	2.15646	0.366226	0.396403	0.854827	0.00815389	0.785835	1.25946	0.0102695
-21	0.351739	0.0721187	2.35928	0.829851	2.23416	0.346419	0.38751	0.865759	0.00775622	0.802184	1.23466	0.00957629
-20	0.360898	0.0712229	2.31417	0.835178	2.31304	0.327684	0.378685	0.875911	0.00737795	0.817574	1.21219	0.00894348
-19	0.370113	0.0703381	2.2704	0.840304	2.39304	0.309962	0.369959	0.885327	0.00701812	0.832018	1.19184	0.0083645
-18	0.37938	0.0694644	2.22795	0.845237	2.47414	0.293198	0.361358	0.89405	0.00667584	0.845535	1.17342	0.00783356
-17	0.388695	0.0686015	2.18676	0.849985	2.55629	0.277342	0.352904	0.902125	0.00635026	0.858149	1.15674	0.00734559
-16	0.398057	0.0677493	2.14681	0.854555	2.63945	0.262342	0.344615	0.909593	0.00604055	0.869892	1.14164	0.00689614
-15	0.407463	0.0669077	2.10806	0.858955	2.72356	0.248154	0.336506	0.916495	0.00574595	0.880797	1.12798	0.0064813
-14	0.416909	0.0660765	2.07045	0.863192	2.80861	0.234733	0.328587	0.92287	0.00546572	0.890903	1.11561	0.00609762
-13	0.426394	0.0652557	2.03397	0.867272	2.89453	0.222038	0.320866	0.928755	0.00519915	0.90025	1.10442	0.00574207
-12	0.435915	0.0644451	1.99856	0.871202	2.98129	0.21003	0.31335	0.934187	0.00494558	0.908877	1.0943	0.00541197
-11	0.445469	0.0636446	1.9642	0.87499	3.06886	0.198671	0.306042	0.939198	0.00470439	0.916827	1.08515	0.00510496
-10	0.455055	0.0628539	1.93084	0.878639	3.15719	0.187926	0.298944	0.943821	0.00447495	0.924142	1.07687	0.00481894
-9	0.464671	0.0620732	1.89846	0.882157	3.24624	0.177763	0.292056	0.948083	0.0042567	0.930862	1.06938	0.00455205
-8	0.474314	0.0613021	1.86701	0.885548	3.33598	0.168149	0.285377	0.952014	0.0040491	0.937027	1.06261	0.00430263
-7	0.483983	0.0605406	1.83647	0.888819	3.42638	0.159055	0.278907	0.955639	0.00385163	0.942676	1.05649	0.00406922
-6	0.493676	0.0597885	1.8068	0.891974	3.51739	0.150453	0.27264	0.958981	0.00366378	0.947846	1.05096	0.00385049
-5	0.503392	0.0590458	1.77797	0.895018	3.60898	0.142316	0.266574	0.962062	0.00348509	0.952574	1.04596	0.00364527
-4	0.513128	0.0583123	1.74996	0.897956	3.70113	0.134619	0.260705	0.964904	0.00331512	0.956893	1.04144	0.00345251
-3	0.522885	0.057588	1.72273	0.900791	3.7938	0.127339	0.255028	0.967525	0.00315344	0.960834	1.03736	0.00327125
-2	0.532659	0.0568726	1.69626	0.903529	3.88695	0.120452	0.249538	0.969943	0.00299965	0.964429	1.03367	0.00310064
-1	0.54245	0.0561661	1.67052	0.906173	3.98057	0.113937	0.244229	0.972173	0.00285335	0.967705	1.03034	0.00293991
0	0.552257	0.0554684	1.64548	0.908728	4.07463	0.107775	0.239097	0.974231	0.00271419	0.970688	1.02732	0.00278836
1	0.562078	0.0547794	1.62112	0.911196	4.16909	0.101947	0.234135	0.976131	0.00258182	0.973403	1.02461	0.00264535
2	0.571914	0.0540989	1.59741	0.913582	4.26394	0.0964331	0.229338	0.977884	0.0024559	0.975873	1.02215	0.00251031
3	0.581761	0.0534269	1.57434	0.915888	4.35915	0.0912178	0.224701	0.979503	0.00233613	0.978119	1.01993	0.0023827
4	0.591621	0.0527632	1.55187	0.918118	4.45469	0.0862845	0.220217	0.980999	0.00222219	0.98016	1.01793	0.00226205
5	0.601491	0.0521078	1.52999	0.920276	4.55055	0.081618	0.215882	0.98238	0.00211382	0.982014	1.01613	0.00214791
6	0.611371	0.0514605	1.50868	0.922363	4.64671	0.0772039	0.211689	0.983657	0.00201072	0.983698	1.0145	0.00203988
7	0.621261	0.0508212	1.48791	0.924382	4.74314	0.0730285	0.207634	0.984837	0.00191266	0.985226	1.01303	0.00193758
8	0.631159	0.0501899	1.46768	0.926337	4.83983	0.0690789	0.203711	0.985928	0.00181938	0.986613	1.0117	0.00184067
9	0.641065	0.0495664	1.44795	0.92823	4.93676	0.065343	0.199916	0.986937	0.00173065	0.987872	1.01051	0.00174883
10	0.650979	0.0489507	1.42872	0.930063	5.03392	0.061809	0.196243	0.98787	0.00164624	0.989013	1.00943	0.00166176
11	0.660899	0.0483426	1.40996	0.931839	5.13128	0.0584662	0.192687	0.988734	0.00156595	0.990048	1.00846	0.0015792
12	0.670826	0.0477421	1.39166	0.933559	5.22885	0.0553042	0.189245	0.989534	0.00148958	0.990987	1.00758	0.00150087
13	0.680758	0.047149	1.3738	0.935227	5.32659	0.0523132	0.185912	0.990274	0.00141693	0.991837	1.00679	0.00142656
14	0.690696	0.0465633	1.35637	0.936843	5.4245	0.049484	0.182682	0.99096	0.00134783	0.992608	1.00608	0.00135602
15	0.700639	0.0459849	1.33936	0.93841	5.52257	0.0468078	0.179553	0.991596	0.00128209	0.993307	1.00544	0.00128907
16	0.710586	0.0454137	1.32275	0.939929	5.62078	0.0442763	0.176521	0.992184	0.00121957	0.99394	1.00486	0.0012255
17	0.720538	0.0448496	1.30653	0.941403	5.71914	0.0418817	0.17358	0.99273	0.00116009	0.994514	1.00435	0.00116513
18	0.730493	0.0442924	1.29068	0.942833	5.81761	0.0396167	0.170729	0.993236	0.00110351	0.995033	1.00388	0.00110779
19	0.740453	0.0437422	1.27519	0.94422	5.91621	0.0374741	0.167963	0.993706	0.00104969	0.995504	1.00346	0.00105332
