0 -69.9
0.1 -69.801
0.2 -69.70299
0.3 -69.6059601
0.4 -69.509900499
0.5 -69.414801494
0.6 -69.3206534791
0.7 -69.2274469443
0.8 -69.1351724748
0.9 -69.0438207501
1.0 -68.9533825426
1.1 -68.8638487172
1.2 -68.77521023
1.3 -68.6874581277
1.4 -68.6005835464
1.5 -68.5145777109
1.6 -68.4294319338
1.7 -68.3451376145
1.8 -68.2616862384
1.9 -68.179069376
2.0 -68.0972786822
2.1 -68.0163058954
2.2 -67.9361428364
2.3 -67.8567814081
2.4 -67.778213594
2.5 -67.7004314581
2.6 -67.6234271435
2.7 -67.547192872
2.8 -67.4717209433
2.9 -67.3970037339
3.0 -67.3230336965
3.1 -67.2498033596
3.2 -67.177305326
3.3 -67.1055322727
3.4 -67.03447695
3.5 -66.9641321805
3.6 -66.8944908587
3.7 -66.8255459501
3.8 -66.7572904906
3.9 -66.6897175857
4.0 -66.6228204098
4.1 -66.5565922057
4.2 -66.4910262837
4.3 -66.4261160208
4.4 -66.3618548606
4.5 -66.298236312
4.6 -66.2352539489
4.7 -66.1729014094
4.8 -66.1111723953
4.9 -66.0500606714
5.0 -65.9895600647
5.1 -65.929664464
5.2 -65.8703678194
5.3 -65.8116641412
5.4 -65.7535474998
5.5 -65.6960120248
5.6 -65.6390519045
5.7 -65.5826613855
5.8 -65.5268347716
5.9 -65.4715664239
6.0 -65.4168507597
6.1 -65.3626822521
6.2 -65.3090554296
6.3 -65.2559648753
6.4 -65.2034052265
6.5 -65.1513711742
6.6 -65.0998574625
6.7 -65.0488588879
6.8 -64.998370299
6.9 -64.948386596
7.0 -64.89890273
7.1 -64.8499137027
7.2 -64.8014145657
7.3 -64.7534004201
7.4 -64.7058664159
7.5 -64.6588077517
7.6 -64.6122196742
7.7 -64.5660974774
7.8 -64.5204365027
7.9 -64.4752321376
8.0 -64.4304798163
8.1 -64.3861750181
8.2 -64.3423132679
8.3 -64.2988901352
8.4 -64.2559012339
8.5 -64.2133422215
8.6 -64.1712087993
8.7 -64.1294967113
8.8 -64.0882017442
8.9 -64.0473197268
9.0 -64.0068465295
9.1 -63.9667780642
9.2 -63.9271102836
9.3 -63.8878391807
9.4 -63.8489607889
9.5 -63.810471181
9.6 -63.7723664692
9.7 -63.7346428045
9.8 -63.6972963765
9.9 -63.6603234127
10.0 -63.6237201786
10.1 -63.5874829768
10.2 -63.5516081471
10.3 -63.5160920656
10.4 -63.4809311449
10.5 -63.4461218335
10.6 -63.4116606151
10.7 -63.377544009
10.8 -63.3437685689
10.9 -63.3103308832
11.0 -63.2772275744
11.1 -63.2444552986
11.2 -63.2120107456
11.3 -63.1798906382
11.4 -63.1480917318
11.5 -63.1166108145
11.6 -63.0854447063
11.7 -63.0545902593
11.8 -63.0240443567
11.9 -62.9938039131
12.0 -62.963865874
12.1 -62.9342272153
12.2 -62.9048849431
12.3 -62.8758360937
12.4 -62.8470777327
12.5 -62.8186069554
12.6 -62.7904208859
12.7 -62.762516677
12.8 -62.7348915102
12.9 -62.7075425951
13.0 -62.6804671692
13.1 -62.6536624975
13.2 -62.6271258725
13.3 -62.6008546138
13.4 -62.5748460676
13.5 -62.549097607
13.6 -62.5236066309
13.7 -62.4983705646
13.8 -62.4733868589
13.9 -62.4486529903
14.0 -62.4241664604
14.1 -62.3999247958
14.2 -62.3759255479
14.3 -62.3521662924
14.4 -62.3286446295
14.5 -62.3053581832
14.6 -62.2823046014
14.7 -62.2594815553
14.8 -62.2368867398
14.9 -62.2145178724
15.0 -62.1923726937
15.1 -62.1704489667
15.2 -62.1487444771
15.3 -62.1272570323
15.4 -62.105984462
15.5 -62.0849246173
15.6 -62.0640753712
15.7 -62.0434346175
15.8 -62.0230002713
15.9 -62.0027702686
16.0 -61.9827425659
16.1 -61.9629151402
16.2 -61.9432859888
16.3 -61.9238531289
16.4 -61.9046145977
16.5 -61.8855684517
16.6 -61.8667127672
16.7 -61.8480456395
16.8 -61.8295651831
16.9 -61.8112695313
17.0 -61.7931568359
17.1 -61.7752252676
17.2 -61.7574730149
17.3 -61.7398982848
17.4 -61.7224993019
17.5 -61.7052743089
17.6 -61.6882215658
17.7 -61.6713393501
17.8 -61.6546259566
17.9 -61.6380796971
18.0 -61.6216989001
18.1 -61.6054819111
18.2 -61.589427092
18.3 -61.5735328211
18.4 -61.5577974929
18.5 -61.5422195179
18.6 -61.5267973228
18.7 -61.5115293495
18.8 -61.496414056
18.9 -61.4814499155
19.0 -61.4666354163
19.1 -61.4519690622
19.2 -61.4374493715
19.3 -61.4230748778
19.4 -61.408844129
19.5 -61.3947556878
19.6 -61.3808081309
19.7 -61.3670000496
19.8 -61.3533300491
19.9 -61.3397967486
20.0 -61.3263987811
20.1 -61.3131347933
20.2 -61.3000034454
20.3 -61.2870034109
20.4 -61.2741333768
20.5 -61.261392043
20.6 -61.2487781226
20.7 -61.2362903414
20.8 -61.2239274379
20.9 -61.2116881636
21.0 -61.1995712819
21.1 -61.1875755691
21.2 -61.1756998134
21.3 -61.1639428153
21.4 -61.1523033871
21.5 -61.1407803533
21.6 -61.1293725497
21.7 -61.1180788242
21.8 -61.106898036
21.9 -61.0958290556
22.0 -61.0848707651
22.1 -61.0740220574
22.2 -61.0632818369
22.3 -61.0526490185
22.4 -61.0421225283
22.5 -61.031701303
22.6 -61.02138429
22.7 -61.0111704471
22.8 -61.0010587426
22.9 -60.9910481552
23.0 -60.9811376736
23.1 -60.9713262969
23.2 -60.9616130339
23.3 -60.9519969036
23.4 -60.9424769346
23.5 -60.9330521652
23.6 -60.9237216436
23.7 -60.9144844271
23.8 -60.9053395829
23.9 -60.896286187
24.0 -60.8873233252
24.1 -60.8784500919
24.2 -60.869665591
24.3 -60.8609689351
24.4 -60.8523592457
24.5 -60.8438356533
24.6 -60.8353972967
24.7 -60.8270433238
24.8 -60.8187728905
24.9 -60.8105851616
25.0 -60.80247931
25.1 -60.7944545169
25.2 -60.7865099717
25.3 -60.778644872
25.4 -60.7708584233
25.5 -60.7631498391
25.6 -60.7555183407
25.7 -60.7479631573
25.8 -60.7404835257
25.9 -60.7330786904
26.0 -60.7257479035
26.1 -60.7184904245
26.2 -60.7113055203
26.3 -60.7041924651
26.4 -60.6971505404
26.5 -60.690179035
26.6 -60.6832772446
26.7 -60.6764444722
26.8 -60.6696800275
26.9 -60.6629832272
27.0 -60.6563533949
27.1 -60.649789861
27.2 -60.6432919624
27.3 -60.6368590427
27.4 -60.6304904523
27.5 -60.6241855478
27.6 -60.6179436923
27.7 -60.6117642554
27.8 -60.6056466128
27.9 -60.5995901467
28.0 -60.5935942452
28.1 -60.5876583028
28.2 -60.5817817198
28.3 -60.5759639026
28.4 -60.5702042635
28.5 -60.5645022209
28.6 -60.5588571987
28.7 -60.5532686267
28.8 -60.5477359404
28.9 -60.542258581
29.0 -60.5368359952
29.1 -60.5314676353
29.2 -60.5261529589
29.3 -60.5208914293
29.4 -60.515682515
29.5 -60.5105256899
29.6 -60.505420433
29.7 -60.5003662287
29.8 -60.4953625664
29.9 -60.4904089407
30.0 -60.4855048513
30.1 -60.4806498028
30.2 -60.4758433048
30.3 -60.4710848717
30.4 -60.466374023
30.5 -60.4617102828
30.6 -60.4570931799
30.7 -60.4525222481
30.8 -60.4479970257
30.9 -60.4435170554
31.0 -60.4390818849
31.1 -60.434691066
31.2 -60.4303441553
31.3 -60.4260407138
31.4 -60.4217803067
31.5 -60.4175625036
31.6 -60.4133868785
31.7 -60.4092530098
31.8 -60.4051604797
31.9 -60.4011088749
32.0 -60.3970977861
32.1 -60.3931268083
32.2 -60.3891955402
32.3 -60.3853035848
32.4 -60.3814505489
32.5 -60.3776360434
32.6 -60.373859683
32.7 -60.3701210862
32.8 -60.3664198753
32.9 -60.3627556766
33.0 -60.3591281198
33.1 -60.3555368386
33.2 -60.3519814702
33.3 -60.3484616555
33.4 -60.344977039
33.5 -60.3415272686
33.6 -60.3381119959
33.7 -60.3347308759
33.8 -60.3313835672
33.9 -60.3280697315
34.0 -60.3247890342
34.1 -60.3215411438
34.2 -60.3183257324
34.3 -60.3151424751
34.4 -60.3119910503
34.5 -60.3088711398
34.6 -60.3057824284
34.7 -60.3027246041
34.8 -60.2996973581
34.9 -60.2967003845
35.0 -60.2937333807
35.1 -60.2907960469
35.2 -60.2878880864
35.3 -60.2850092055
35.4 -60.2821591135
35.5 -60.2793375223
35.6 -60.2765441471
35.7 -60.2737787056
35.8 -60.2710409186
35.9 -60.2683305094
36.0 -60.2656472043
36.1 -60.2629907323
36.2 -60.2603608249
36.3 -60.2577572167
36.4 -60.2551796445
36.5 -60.2526278481
36.6 -60.2501015696
36.7 -60.2476005539
36.8 -60.2451245484
36.9 -60.2426733029
37.0 -60.2402465698
37.1 -60.2378441042
37.2 -60.2354656631
37.3 -60.2331110065
37.4 -60.2307798964
37.5 -60.2284720974
37.6 -60.2261873765
37.7 -60.2239255027
37.8 -60.2216862477
37.9 -60.2194693852
38.0 -60.2172746914
38.1 -60.2151019444
38.2 -60.212950925
38.3 -60.2108214157
38.4 -60.2087132016
38.5 -60.2066260696
38.6 -60.2045598089
38.7 -60.2025142108
38.8 -60.2004890687
38.9 -60.198484178
39.0 -60.1964993362
39.1 -60.1945343429
39.2 -60.1925889994
39.3 -60.1906631094
39.4 -60.1887564783
39.5 -60.1868689136
39.6 -60.1850002244
39.7 -60.1831502222
39.8 -60.1813187199
39.9 -60.1795055328
40.0 -60.1777104774
40.1 -60.1759333726
40.2 -60.1741740389
40.3 -60.1724322985
40.4 -60.1707079755
40.5 -60.1690008958
40.6 -60.1673108868
40.7 -60.165637778
40.8 -60.1639814002
40.9 -60.1623415862
41.0 -60.1607181703
41.1 -60.1591109886
41.2 -60.1575198787
41.3 -60.1559446799
41.4 -60.1543852331
41.5 -60.1528413808
41.6 -60.151312967
41.7 -60.1497998373
41.8 -60.148301839
41.9 -60.1468188206
42.0 -60.1453506324
42.1 -60.143897126
42.2 -60.1424581548
42.3 -60.1410335732
42.4 -60.1396232375
42.5 -60.1382270051
42.6 -60.1368447351
42.7 -60.1354762877
42.8 -60.1341215248
42.9 -60.1327803096
43.0 -60.1314525065
43.1 -60.1301379814
43.2 -60.1288366016
43.3 -60.1275482356
43.4 -60.1262727533
43.5 -60.1250100257
43.6 -60.1237599255
43.7 -60.1225223262
43.8 -60.1212971029
43.9 -60.1200841319
44.0 -60.1188832906
44.1 -60.1176944577
44.2 -60.1165175131
44.3 -60.115352338
44.4 -60.1141988146
44.5 -60.1130568265
44.6 -60.1119262582
44.7 -60.1108069956
44.8 -60.1096989257
44.9 -60.1086019364
45.0 -60.107515917
45.1 -60.1064407579
45.2 -60.1053763503
45.3 -60.1043225868
45.4 -60.1032793609
45.5 -60.1022465673
45.6 -60.1012241016
45.7 -60.1002118606
45.8 -60.099209742
45.9 -60.0982176446
46.0 -60.0972354681
46.1 -60.0962631135
46.2 -60.0953004823
46.3 -60.0943474775
46.4 -60.0934040027
46.5 -60.0924699627
46.6 -60.0915452631
46.7 -60.0906298104
46.8 -60.0897235123
46.9 -60.0888262772
47.0 -60.0879380144
47.1 -60.0870586343
47.2 -60.086188048
47.3 -60.0853261675
47.4 -60.0844729058
47.5 -60.0836281767
47.6 -60.082791895
47.7 -60.081963976
47.8 -60.0811443363
47.9 -60.0803328929
48.0 -60.079529564
48.1 -60.0787342683
48.2 -60.0779469257
48.3 -60.0771674564
48.4 -60.0763957818
48.5 -60.075631824
48.6 -60.0748755058
48.7 -60.0741267507
48.8 -60.0733854832
48.9 -60.0726516284
49.0 -60.0719251121
49.1 -60.071205861
49.2 -60.0704938024
49.3 -60.0697888643
49.4 -60.0690909757
49.5 -60.0684000659
49.6 -60.0677160653
49.7 -60.0670389046
49.8 -60.0663685156
49.9 -60.0657048304
50.0 -60.0650477821
50.1 -60.0643973043
50.2 -60.0637533313
50.3 -60.0631157979
50.4 -60.06248464
50.5 -60.0618597936
50.6 -60.0612411956
50.7 -60.0606287837
50.8 -60.0600224958
50.9 -60.0594222709
51.0 -60.0588280482
51.1 -60.0582397677
51.2 -60.05765737
51.3 -60.0570807963
51.4 -60.0565099883
51.5 -60.0559448885
51.6 -60.0553854396
51.7 -60.0548315852
51.8 -60.0542832693
51.9 -60.0537404366
52.0 -60.0532030323
52.1 -60.0526710019
52.2 -60.0521442919
52.3 -60.051622849
52.4 -60.0511066205
52.5 -60.0505955543
52.6 -60.0500895988
52.7 -60.0495887028
52.8 -60.0490928158
52.9 -60.0486018876
53.0 -60.0481158687
53.1 -60.04763471
53.2 -60.0471583629
53.3 -60.0466867793
53.4 -60.0462199115
53.5 -60.0457577124
53.6 -60.0453001353
53.7 -60.0448471339
53.8 -60.0443986626
53.9 -60.043954676
54.0 -60.0435151292
54.1 -60.0430799779
54.2 -60.0426491781
54.3 -60.0422226863
54.4 -60.0418004595
54.5 -60.0413824549
54.6 -60.0409686303
54.7 -60.040558944
54.8 -60.0401533546
54.9 -60.039751821
55.0 -60.0393543028
55.1 -60.0389607598
55.2 -60.0385711522
55.3 -60.0381854407
55.4 -60.0378035863
55.5 -60.0374255504
55.6 -60.0370512949
55.7 -60.036680782
55.8 -60.0363139741
55.9 -60.0359508344
56.0 -60.0355913261
56.1 -60.0352354128
56.2 -60.0348830587
56.3 -60.0345342281
56.4 -60.0341888858
56.5 -60.0338469969
56.6 -60.033508527
56.7 -60.0331734417
56.8 -60.0328417073
56.9 -60.0325132902
57.0 -60.0321881573
57.1 -60.0318662757
57.2 -60.031547613
57.3 -60.0312321369
57.4 -60.0309198155
57.5 -60.0306106173
57.6 -60.0303045112
57.7 -60.030001466
57.8 -60.0297014514
57.9 -60.0294044369
58.0 -60.0291103925
58.1 -60.0288192886
58.2 -60.0285310957
58.3 -60.0282457847
58.4 -60.0279633269
58.5 -60.0276836936
58.6 -60.0274068567
58.7 -60.0271327881
58.8 -60.0268614602
58.9 -60.0265928456
59.0 -60.0263269172
59.1 -60.026063648
59.2 -60.0258030115
59.3 -60.0255449814
59.4 -60.0252895316
59.5 -60.0250366363
59.6 -60.0247862699
59.7 -60.0245384072
59.8 -60.0242930231
59.9 -60.0240500929
60.0 -60.023809592
60.1 -60.0235714961
60.2 -60.0233357811
60.3 -60.0231024233
60.4 -60.0228713991
60.5 -60.0226426851
60.6 -60.0224162582
60.7 -60.0221920956
60.8 -60.0219701747
60.9 -60.0217504729
61.0 -60.0215329682
61.1 -60.0213176385
61.2 -60.0211044621
61.3 -60.0208934175
61.4 -60.0206844833
61.5 -60.0204776385
61.6 -60.0202728621
61.7 -60.0200701335
61.8 -60.0198694322
61.9 -60.0196707378
62.0 -60.0194740305
62.1 -60.0192792902
62.2 -60.0190864973
62.3 -60.0188956323
62.4 -60.018706676
62.5 -60.0185196092
62.6 -60.0183344131
62.7 -60.018151069
62.8 -60.0179695583
62.9 -60.0177898627
63.0 -60.0176119641
63.1 -60.0174358444
63.2 -60.017261486
63.3 -60.0170888711
63.4 -60.0169179824
63.5 -60.0167488026
63.6 -60.0165813146
63.7 -60.0164155014
63.8 -60.0162513464
63.9 -60.0160888329
64.0 -60.0159279446
64.1 -60.0157686652
64.2 -60.0156109785
64.3 -60.0154548687
64.4 -60.01530032
64.5 -60.0151473168
64.6 -60.0149958437
64.7 -60.0148458852
64.8 -60.0146974264
64.9 -60.0145504521
65.0 -60.0144049476
65.1 -60.0142608981
65.2 -60.0141182891
65.3 -60.0139771063
65.4 -60.0138373352
65.5 -60.0136989618
65.6 -60.0135619722
65.7 -60.0134263525
65.8 -60.013292089
65.9 -60.0131591681
66.0 -60.0130275764
66.1 -60.0128973006
66.2 -60.0127683276
66.3 -60.0126406444
66.4 -60.0125142379
66.5 -60.0123890955
66.6 -60.0122652046
66.7 -60.0121425525
66.8 -60.012021127
66.9 -60.0119009157
67.0 -60.0117819066
67.1 -60.0116640875
67.2 -60.0115474466
67.3 -60.0114319722
67.4 -60.0113176525
67.5 -60.0112044759
67.6 -60.0110924312
67.7 -60.0109815069
67.8 -60.0108716918
67.9 -60.0107629749
68.0 -60.0106553451
68.1 -60.0105487917
68.2 -60.0104433038
68.3 -60.0103388707
68.4 -60.010235482
68.5 -60.0101331272
68.6 -60.0100317959
68.7 -60.009931478
68.8 -60.0098321632
68.9 -60.0097338415
69.0 -60.0096365031
69.1 -60.0095401381
69.2 -60.0094447367
69.3 -60.0093502894
69.4 -60.0092567865
69.5 -60.0091642186
69.6 -60.0090725764
69.7 -60.0089818506
69.8 -60.0088920321
69.9 -60.0088031118
70.0 -60.0087150807
70.1 -60.0086279299
70.2 -60.0085416506
70.3 -60.0084562341
70.4 -60.0083716717
70.5 -60.008287955
70.6 -60.0082050755
70.7 -60.0081230247
70.8 -60.0080417945
70.9 -60.0079613765
71.0 -60.0078817628
71.1 -60.0078029451
71.2 -60.0077249157
71.3 -60.0076476665
71.4 -60.0075711899
71.5 -60.007495478
71.6 -60.0074205232
71.7 -60.007346318
71.8 -60.0072728548
71.9 -60.0072001262
72.0 -60.007128125
72.1 -60.0070568437
72.2 -60.0069862753
72.3 -60.0069164125
72.4 -60.0068472484
72.5 -60.0067787759
72.6 -60.0067109882
72.7 -60.0066438783
72.8 -60.0065774395
72.9 -60.0065116651
73.0 -60.0064465484
73.1 -60.006382083
73.2 -60.0063182621
73.3 -60.0062550795
73.4 -60.0061925287
73.5 -60.0061306034
73.6 -60.0060692974
73.7 -60.0060086044
73.8 -60.0059485184
73.9 -60.0058890332
74.0 -60.0058301429
74.1 -60.0057718414
74.2 -60.005714123
74.3 -60.0056569818
74.4 -60.005600412
74.5 -60.0055444079
74.6 -60.0054889638
74.7 -60.0054340741
74.8 -60.0053797334
74.9 -60.0053259361
75.0 -60.0052726767
75.1 -60.0052199499
75.2 -60.0051677504
75.3 -60.0051160729
75.4 -60.0050649122
75.5 -60.0050142631
75.6 -60.0049641204
75.7 -60.0049144792
75.8 -60.0048653344
75.9 -60.0048166811
76.0 -60.0047685143
76.1 -60.0047208292
76.2 -60.0046736209
76.3 -60.0046268847
76.4 -60.0045806158
76.5 -60.0045348096
76.6 -60.0044894615
76.7 -60.0044445669
76.8 -60.0044001213
76.9 -60.0043561201
77.0 -60.0043125589
77.1 -60.0042694333
77.2 -60.0042267389
77.3 -60.0041844715
77.4 -60.0041426268
77.5 -60.0041012006
77.6 -60.0040601886
77.7 -60.0040195867
77.8 -60.0039793908
77.9 -60.0039395969
78.0 -60.0039002009
78.1 -60.0038611989
78.2 -60.0038225869
78.3 -60.0037843611
78.4 -60.0037465174
78.5 -60.0037090523
78.6 -60.0036719617
78.7 -60.0036352421
78.8 -60.0035988897
78.9 -60.0035629008
79.0 -60.0035272718
79.1 -60.0034919991
79.2 -60.0034570791
79.3 -60.0034225083
79.4 -60.0033882832
79.5 -60.0033544004
79.6 -60.0033208564
79.7 -60.0032876478
79.8 -60.0032547713
79.9 -60.0032222236
80.0 -60.0031900014
80.1 -60.0031581014
80.2 -60.0031265204
80.3 -60.0030952552
80.4 -60.0030643026
80.5 -60.0030336596
80.6 -60.003003323
80.7 -60.0029732898
80.8 -60.0029435569
80.9 -60.0029141213
81.0 -60.0028849801
81.1 -60.0028561303
81.2 -60.002827569
81.3 -60.0027992933
81.4 -60.0027713004
81.5 -60.0027435873
81.6 -60.0027161515
81.7 -60.00268899
81.8 -60.0026621001
81.9 -60.0026354791
82.0 -60.0026091243
82.1 -60.002583033
82.2 -60.0025572027
82.3 -60.0025316307
82.4 -60.0025063144
82.5 -60.0024812512
82.6 -60.0024564387
82.7 -60.0024318743
82.8 -60.0024075556
82.9 -60.00238348
83.0 -60.0023596452
83.1 -60.0023360488
83.2 -60.0023126883
83.3 -60.0022895614
83.4 -60.0022666658
83.5 -60.0022439991
83.6 -60.0022215591
83.7 -60.0021993435
83.8 -60.0021773501
83.9 -60.0021555766
84.0 -60.0021340208
84.1 -60.0021126806
84.2 -60.0020915538
84.3 -60.0020706383
84.4 -60.0020499319
84.5 -60.0020294326
84.6 -60.0020091383
84.7 -60.0019890469
84.8 -60.0019691564
84.9 -60.0019494648
85.0 -60.0019299702
85.1 -60.0019106705
85.2 -60.0018915638
85.3 -60.0018726482
85.4 -60.0018539217
85.5 -60.0018353825
85.6 -60.0018170286
85.7 -60.0017988583
85.8 -60.0017808698
85.9 -60.0017630611
86.0 -60.0017454305
86.1 -60.0017279761
86.2 -60.0017106964
86.3 -60.0016935894
86.4 -60.0016766535
86.5 -60.001659887
86.6 -60.0016432881
86.7 -60.0016268552
86.8 -60.0016105867
86.9 -60.0015944808
87.0 -60.001578536
87.1 -60.0015627507
87.2 -60.0015471231
87.3 -60.0015316519
87.4 -60.0015163354
87.5 -60.001501172
87.6 -60.0014861603
87.7 -60.0014712987
87.8 -60.0014565857
87.9 -60.0014420199
88.0 -60.0014275997
88.1 -60.0014133237
88.2 -60.0013991904
88.3 -60.0013851985
88.4 -60.0013713466
88.5 -60.0013576331
88.6 -60.0013440568
88.7 -60.0013306162
88.8 -60.00131731
88.9 -60.0013041369
89.0 -60.0012910956
89.1 -60.0012781846
89.2 -60.0012654028
89.3 -60.0012527487
89.4 -60.0012402212
89.5 -60.001227819
89.6 -60.0012155408
89.7 -60.0012033854
89.8 -60.0011913516
89.9 -60.0011794381
90.0 -60.0011676437
90.1 -60.0011559672
90.2 -60.0011444076
90.3 -60.0011329635
90.4 -60.0011216339
90.5 -60.0011104175
90.6 -60.0010993133
90.7 -60.0010883202
90.8 -60.001077437
90.9 -60.0010666626
91.0 -60.001055996
91.1 -60.0010454361
91.2 -60.0010349817
91.3 -60.0010246319
91.4 -60.0010143856
91.5 -60.0010042417
91.6 -60.0009941993
91.7 -60.0009842573
91.8 -60.0009744147
91.9 -60.0009646706
92.0 -60.0009550239
92.1 -60.0009454736
92.2 -60.0009360189
92.3 -60.0009266587
92.4 -60.0009173921
92.5 -60.0009082182
92.6 -60.000899136
92.7 -60.0008901447
92.8 -60.0008812432
92.9 -60.0008724308
93.0 -60.0008637065
93.1 -60.0008550694
93.2 -60.0008465187
93.3 -60.0008380535
93.4 -60.000829673
93.5 -60.0008213763
93.6 -60.0008131625
93.7 -60.0008050309
93.8 -60.0007969806
93.9 -60.0007890108
94.0 -60.0007811206
94.1 -60.0007733094
94.2 -60.0007655763
94.3 -60.0007579206
94.4 -60.0007503414
94.5 -60.000742838
94.6 -60.0007354096
94.7 -60.0007280555
94.8 -60.0007207749
94.9 -60.0007135672
95.0 -60.0007064315
95.1 -60.0006993672
95.2 -60.0006923735
95.3 -60.0006854498
95.4 -60.0006785953
95.5 -60.0006718093
95.6 -60.0006650912
95.7 -60.0006584403
95.8 -60.0006518559
95.9 -60.0006453374
96.0 -60.000638884
96.1 -60.0006324952
96.2 -60.0006261702
96.3 -60.0006199085
96.4 -60.0006137094
96.5 -60.0006075723
96.6 -60.0006014966
96.7 -60.0005954816
96.8 -60.0005895268
96.9 -60.0005836315
97.0 -60.0005777952
97.1 -60.0005720173
97.2 -60.0005662971
97.3 -60.0005606341
97.4 -60.0005550278
97.5 -60.0005494775
97.6 -60.0005439827
97.7 -60.0005385429
97.8 -60.0005331575
97.9 -60.0005278259
98.0 -60.0005225477
98.1 -60.0005173222
98.2 -60.000512149
98.3 -60.0005070275
98.4 -60.0005019572
98.5 -60.0004969376
98.6 -60.0004919682
98.7 -60.0004870486
98.8 -60.0004821781
98.9 -60.0004773563
99.0 -60.0004725827
99.1 -60.0004678569
99.2 -60.0004631783
99.3 -60.0004585465
99.4 -60.0004539611
99.5 -60.0004494215
99.6 -60.0004449273
99.7 -60.000440478
99.8 -60.0004360732
99.9 -60.0004317125
100.0 -60.0004273953
100.1 -60.0004231214
100.2 -60.0004188902
100.3 -60.0004147013
100.4 -60.0004105543
100.5 -60.0004064487
100.6 -60.0004023842
100.7 -60.0003983604
100.8 -60.0003943768
100.9 -60.000390433
101.0 -60.0003865287
101.1 -60.0003826634
101.2 -60.0003788368
101.3 -60.0003750484
101.4 -60.0003712979
101.5 -60.0003675849
101.6 -60.0003639091
101.7 -60.00036027
101.8 -60.0003566673
101.9 -60.0003531006
102.0 -60.0003495696
102.1 -60.0003460739
102.2 -60.0003426132
102.3 -60.0003391871
102.4 -60.0003357952
102.5 -60.0003324372
102.6 -60.0003291129
102.7 -60.0003258217
102.8 -60.0003225635
102.9 -60.0003193379
103.0 -60.0003161445
103.1 -60.0003129831
103.2 -60.0003098532
103.3 -60.0003067547
103.4 -60.0003036871
103.5 -60.0003006503
103.6 -60.0002976438
103.7 -60.0002946673
103.8 -60.0002917207
103.9 -60.0002888035
104.0 -60.0002859154
104.1 -60.0002830563
104.2 -60.0002802257
104.3 -60.0002774234
104.4 -60.0002746492
104.5 -60.0002719027
104.6 -60.0002691837
104.7 -60.0002664919
104.8 -60.0002638269
104.9 -60.0002611887
105.0 -60.0002585768
105.1 -60.000255991
105.2 -60.0002534311
105.3 -60.0002508968
105.4 -60.0002483878
105.5 -60.0002459039
105.6 -60.0002434449
105.7 -60.0002410105
105.8 -60.0002386004
105.9 -60.0002362143
106.0 -60.0002338522
106.1 -60.0002315137
106.2 -60.0002291985
106.3 -60.0002269066
106.4 -60.0002246375
106.5 -60.0002223911
106.6 -60.0002201672
106.7 -60.0002179655
106.8 -60.0002157859
106.9 -60.000213628
107.0 -60.0002114917
107.1 -60.0002093768
107.2 -60.0002072831
107.3 -60.0002052102
107.4 -60.0002031581
107.5 -60.0002011265
107.6 -60.0001991153
107.7 -60.0001971241
107.8 -60.0001951529
107.9 -60.0001932014
108.0 -60.0001912693
108.1 -60.0001893566
108.2 -60.0001874631
108.3 -60.0001855884
108.4 -60.0001837326
108.5 -60.0001818952
108.6 -60.0001800763
108.7 -60.0001782755
108.8 -60.0001764928
108.9 -60.0001747278
109.0 -60.0001729806
109.1 -60.0001712508
109.2 -60.0001695382
109.3 -60.0001678429
109.4 -60.0001661644
109.5 -60.0001645028
109.6 -60.0001628578
109.7 -60.0001612292
109.8 -60.0001596169
109.9 -60.0001580207
110.0 -60.0001564405
110.1 -60.0001548761
110.2 -60.0001533274
110.3 -60.0001517941
110.4 -60.0001502761
110.5 -60.0001487734
110.6 -60.0001472856
110.7 -60.0001458128
110.8 -60.0001443547
110.9 -60.0001429111
111.0 -60.000141482
111.1 -60.0001400672
111.2 -60.0001386665
111.3 -60.0001372798
111.4 -60.000135907
111.5 -60.000134548
111.6 -60.0001332025
111.7 -60.0001318705
111.8 -60.0001305518
111.9 -60.0001292462
112.0 -60.0001279538
112.1 -60.0001266742
112.2 -60.0001254075
112.3 -60.0001241534
112.4 -60.0001229119
112.5 -60.0001216828
112.6 -60.000120466
112.7 -60.0001192613
112.8 -60.0001180687
112.9 -60.000116888
113.0 -60.0001157191
113.1 -60.0001145619
113.2 -60.0001134163
113.3 -60.0001122821
113.4 -60.0001111593
113.5 -60.0001100477
113.6 -60.0001089472
113.7 -60.0001078578
113.8 -60.0001067792
113.9 -60.0001057114
114.0 -60.0001046543
114.1 -60.0001036077
114.2 -60.0001025717
114.3 -60.000101546
114.4 -60.0001005305
114.5 -60.0000995252
114.6 -60.0000985299
114.7 -60.0000975446
114.8 -60.0000965692
114.9 -60.0000956035
115.0 -60.0000946475
115.1 -60.000093701
115.2 -60.000092764
115.3 -60.0000918363
115.4 -60.000090918
115.5 -60.0000900088
115.6 -60.0000891087
115.7 -60.0000882176
115.8 -60.0000873354
115.9 -60.0000864621
116.0 -60.0000855975
116.1 -60.0000847415
116.2 -60.0000838941
116.3 -60.0000830551
116.4 -60.0000822246
116.5 -60.0000814023
116.6 -60.0000805883
116.7 -60.0000797824
116.8 -60.0000789846
116.9 -60.0000781948
117.0 -60.0000774128
117.1 -60.0000766387
117.2 -60.0000758723
117.3 -60.0000751136
117.4 -60.0000743624
117.5 -60.0000736188
117.6 -60.0000728826
117.7 -60.0000721538
117.8 -60.0000714323
117.9 -60.0000707179
118.0 -60.0000700108
118.1 -60.0000693107
118.2 -60.0000686176
118.3 -60.0000679314
118.4 -60.0000672521
118.5 -60.0000665795
118.6 -60.0000659137
118.7 -60.0000652546
118.8 -60.0000646021
118.9 -60.000063956
119.0 -60.0000633165
119.1 -60.0000626833
119.2 -60.0000620565
119.3 -60.0000614359
119.4 -60.0000608216
119.5 -60.0000602133
119.6 -60.0000596112
119.7 -60.0000590151
119.8 -60.0000584249
119.9 -60.0000578407
120.0 -60.0000572623
120.1 -60.0000566897
120.2 -60.0000561228
120.3 -60.0000555615
120.4 -60.0000550059
120.5 -60.0000544559
120.6 -60.0000539113
120.7 -60.0000533722
120.8 -60.0000528385
120.9 -60.0000523101
121.0 -60.000051787
121.1 -60.0000512691
121.2 -60.0000507564
121.3 -60.0000502489
121.4 -60.0000497464
121.5 -60.0000492489
121.6 -60.0000487564
121.7 -60.0000482689
121.8 -60.0000477862
121.9 -60.0000473083
122.0 -60.0000468352
122.1 -60.0000463669
122.2 -60.0000459032
122.3 -60.0000454442
122.4 -60.0000449897
122.5 -60.0000445398
122.6 -60.0000440944
122.7 -60.0000436535
122.8 -60.000043217
122.9 -60.0000427848
123.0 -60.0000423569
123.1 -60.0000419334
123.2 -60.000041514
123.3 -60.0000410989
123.4 -60.0000406879
123.5 -60.000040281
123.6 -60.0000398782
123.7 -60.0000394794
123.8 -60.0000390846
123.9 -60.0000386938
124.0 -60.0000383069
124.1 -60.0000379238
124.2 -60.0000375445
124.3 -60.0000371691
124.4 -60.0000367974
124.5 -60.0000364294
124.6 -60.0000360651
124.7 -60.0000357045
124.8 -60.0000353474
124.9 -60.000034994
125.0 -60.000034644
125.1 -60.0000342976
125.2 -60.0000339546
125.3 -60.0000336151
125.4 -60.0000332789
125.5 -60.0000329461
125.6 -60.0000326167
125.7 -60.0000322905
125.8 -60.0000319676
125.9 -60.0000316479
126.0 -60.0000313314
126.1 -60.0000310181
126.2 -60.0000307079
126.3 -60.0000304009
126.4 -60.0000300969
126.5 -60.0000297959
126.6 -60.0000294979
126.7 -60.000029203
126.8 -60.0000289109
126.9 -60.0000286218
127.0 -60.0000283356
127.1 -60.0000280522
127.2 -60.0000277717
127.3 -60.000027494
127.4 -60.0000272191
127.5 -60.0000269469
127.6 -60.0000266774
127.7 -60.0000264106
127.8 -60.0000261465
127.9 -60.0000258851
128.0 -60.0000256262
128.1 -60.0000253699
128.2 -60.0000251162
128.3 -60.0000248651
128.4 -60.0000246164
128.5 -60.0000243703
128.6 -60.0000241266
128.7 -60.0000238853
128.8 -60.0000236464
128.9 -60.00002341
129.0 -60.0000231759
129.1 -60.0000229441
129.2 -60.0000227147
129.3 -60.0000224875
129.4 -60.0000222627
129.5 -60.00002204
129.6 -60.0000218196
129.7 -60.0000216014
129.8 -60.0000213854
129.9 -60.0000211716
130.0 -60.0000209599
130.1 -60.0000207503
130.2 -60.0000205427
130.3 -60.0000203373
130.4 -60.0000201339
130.5 -60.0000199326
130.6 -60.0000197333
130.7 -60.0000195359
130.8 -60.0000193406
130.9 -60.0000191472
131.0 -60.0000189557
131.1 -60.0000187662
131.2 -60.0000185785
131.3 -60.0000183927
131.4 -60.0000182088
131.5 -60.0000180267
131.6 -60.0000178464
131.7 -60.000017668
131.8 -60.0000174913
131.9 -60.0000173164
132.0 -60.0000171432
132.1 -60.0000169718
132.2 -60.0000168021
132.3 -60.000016634
132.4 -60.0000164677
132.5 -60.000016303
132.6 -60.00001614
132.7 -60.0000159786
132.8 -60.0000158188
132.9 -60.0000156606
133.0 -60.000015504
133.1 -60.000015349
133.2 -60.0000151955
133.3 -60.0000150435
133.4 -60.0000148931
133.5 -60.0000147442
133.6 -60.0000145967
133.7 -60.0000144507
133.8 -60.0000143062
133.9 -60.0000141632
134.0 -60.0000140215
134.1 -60.0000138813
134.2 -60.0000137425
134.3 -60.0000136051
134.4 -60.000013469
134.5 -60.0000133344
134.6 -60.000013201
134.7 -60.000013069
134.8 -60.0000129383
134.9 -60.0000128089
135.0 -60.0000126808
135.1 -60.000012554
135.2 -60.0000124285
135.3 -60.0000123042
135.4 -60.0000121812
135.5 -60.0000120593
135.6 -60.0000119388
135.7 -60.0000118194
135.8 -60.0000117012
135.9 -60.0000115842
136.0 -60.0000114683
136.1 -60.0000113536
136.2 -60.0000112401
136.3 -60.0000111277
136.4 -60.0000110164
136.5 -60.0000109063
136.6 -60.0000107972
136.7 -60.0000106892
136.8 -60.0000105823
136.9 -60.0000104765
137.0 -60.0000103717
137.1 -60.000010268
137.2 -60.0000101653
137.3 -60.0000100637
137.4 -60.0000099631
137.5 -60.0000098634
137.6 -60.0000097648
137.7 -60.0000096671
137.8 -60.0000095705
137.9 -60.0000094748
138.0 -60.00000938
138.1 -60.0000092862
138.2 -60.0000091934
138.3 -60.0000091014
138.4 -60.0000090104
138.5 -60.0000089203
138.6 -60.0000088311
138.7 -60.0000087428
138.8 -60.0000086554
138.9 -60.0000085688
139.0 -60.0000084831
139.1 -60.0000083983
139.2 -60.0000083143
139.3 -60.0000082312
139.4 -60.0000081489
139.5 -60.0000080674
139.6 -60.0000079867
139.7 -60.0000079068
139.8 -60.0000078278
139.9 -60.0000077495
140.0 -60.000007672
140.1 -60.0000075953
140.2 -60.0000075193
140.3 -60.0000074441
140.4 -60.0000073697
140.5 -60.000007296
140.6 -60.000007223
140.7 -60.0000071508
140.8 -60.0000070793
140.9 -60.0000070085
141.0 -60.0000069384
141.1 -60.000006869
141.2 -60.0000068003
141.3 -60.0000067323
141.4 -60.000006665
141.5 -60.0000065984
141.6 -60.0000065324
141.7 -60.000006467
141.8 -60.0000064024
141.9 -60.0000063384
142.0 -60.000006275
142.1 -60.0000062122
142.2 -60.0000061501
142.3 -60.0000060886
142.4 -60.0000060277
142.5 -60.0000059674
142.6 -60.0000059078
142.7 -60.0000058487
142.8 -60.0000057902
142.9 -60.0000057323
143.0 -60.000005675
143.1 -60.0000056182
143.2 -60.000005562
143.3 -60.0000055064
143.4 -60.0000054514
143.5 -60.0000053968
143.6 -60.0000053429
143.7 -60.0000052894
143.8 -60.0000052365
143.9 -60.0000051842
144.0 -60.0000051323
144.1 -60.000005081
144.2 -60.0000050302
144.3 -60.0000049799
144.4 -60.0000049301
144.5 -60.0000048808
144.6 -60.000004832
144.7 -60.0000047837
144.8 -60.0000047358
144.9 -60.0000046885
145.0 -60.0000046416
145.1 -60.0000045952
145.2 -60.0000045492
145.3 -60.0000045037
145.4 -60.0000044587
145.5 -60.0000044141
145.6 -60.00000437
145.7 -60.0000043263
145.8 -60.000004283
145.9 -60.0000042402
146.0 -60.0000041978
146.1 -60.0000041558
146.2 -60.0000041142
146.3 -60.0000040731
146.4 -60.0000040324
146.5 -60.000003992
146.6 -60.0000039521
146.7 -60.0000039126
146.8 -60.0000038735
146.9 -60.0000038347
147.0 -60.0000037964
147.1 -60.0000037584
147.2 -60.0000037208
147.3 -60.0000036836
147.4 -60.0000036468
147.5 -60.0000036103
147.6 -60.0000035742
147.7 -60.0000035385
147.8 -60.0000035031
147.9 -60.0000034681
148.0 -60.0000034334
148.1 -60.0000033991
148.2 -60.0000033651
148.3 -60.0000033314
148.4 -60.0000032981
148.5 -60.0000032651
148.6 -60.0000032325
148.7 -60.0000032001
148.8 -60.0000031681
148.9 -60.0000031365
149.0 -60.0000031051
149.1 -60.000003074
149.2 -60.0000030433
149.3 -60.0000030129
149.4 -60.0000029827
149.5 -60.0000029529
149.6 -60.0000029234
149.7 -60.0000028942
149.8 -60.0000028652
149.9 -60.0000028366
150.0 -60.0000028082
150.1 -60.0000027801
150.2 -60.0000027523
150.3 -60.0000027248
150.4 -60.0000026975
150.5 -60.0000026706
150.6 -60.0000026439
150.7 -60.0000026174
150.8 -60.0000025912
150.9 -60.0000025653
151.0 -60.0000025397
151.1 -60.0000025143
151.2 -60.0000024891
151.3 -60.0000024642
151.4 -60.0000024396
151.5 -60.0000024152
151.6 -60.0000023911
151.7 -60.0000023671
151.8 -60.0000023435
151.9 -60.00000232
152.0 -60.0000022968
152.1 -60.0000022739
152.2 -60.0000022511
152.3 -60.0000022286
152.4 -60.0000022063
152.5 -60.0000021843
152.6 -60.0000021624
152.7 -60.0000021408
152.8 -60.0000021194
152.9 -60.0000020982
153.0 -60.0000020772
153.1 -60.0000020564
153.2 -60.0000020359
153.3 -60.0000020155
153.4 -60.0000019954
153.5 -60.0000019754
153.6 -60.0000019557
153.7 -60.0000019361
153.8 -60.0000019167
153.9 -60.0000018976
154.0 -60.0000018786
154.1 -60.0000018598
154.2 -60.0000018412
154.3 -60.0000018228
154.4 -60.0000018046
154.5 -60.0000017865
154.6 -60.0000017687
154.7 -60.000001751
154.8 -60.0000017335
154.9 -60.0000017161
155.0 -60.000001699
155.1 -60.000001682
155.2 -60.0000016652
155.3 -60.0000016485
155.4 -60.000001632
155.5 -60.0000016157
155.6 -60.0000015996
155.7 -60.0000015836
155.8 -60.0000015677
155.9 -60.000001552
156.0 -60.0000015365
156.1 -60.0000015212
156.2 -60.0000015059
156.3 -60.0000014909
156.4 -60.000001476
156.5 -60.0000014612
156.6 -60.0000014466
156.7 -60.0000014321
156.8 -60.0000014178
156.9 -60.0000014036
157.0 -60.0000013896
157.1 -60.0000013757
157.2 -60.0000013619
157.3 -60.0000013483
157.4 -60.0000013348
157.5 -60.0000013215
157.6 -60.0000013083
157.7 -60.0000012952
157.8 -60.0000012822
157.9 -60.0000012694
158.0 -60.0000012567
158.1 -60.0000012442
158.2 -60.0000012317
158.3 -60.0000012194
158.4 -60.0000012072
158.5 -60.0000011951
158.6 -60.0000011832
158.7 -60.0000011714
158.8 -60.0000011596
158.9 -60.000001148
159.0 -60.0000011366
159.1 -60.0000011252
159.2 -60.0000011139
159.3 -60.0000011028
159.4 -60.0000010918
159.5 -60.0000010809
159.6 -60.0000010701
159.7 -60.0000010594
159.8 -60.0000010488
159.9 -60.0000010383
160.0 -60.0000010279
160.1 -60.0000010176
160.2 -60.0000010074
160.3 -60.0000009974
160.4 -60.0000009874
160.5 -60.0000009775
160.6 -60.0000009677
160.7 -60.0000009581
160.8 -60.0000009485
160.9 -60.000000939
161.0 -60.0000009296
161.1 -60.0000009203
161.2 -60.0000009111
161.3 -60.000000902
161.4 -60.000000893
161.5 -60.000000884
161.6 -60.0000008752
161.7 -60.0000008665
161.8 -60.0000008578
161.9 -60.0000008492
162.0 -60.0000008407
162.1 -60.0000008323
162.2 -60.000000824
162.3 -60.0000008157
162.4 -60.0000008076
162.5 -60.0000007995
162.6 -60.0000007915
162.7 -60.0000007836
162.8 -60.0000007758
162.9 -60.000000768
163.0 -60.0000007603
163.1 -60.0000007527
163.2 -60.0000007452
163.3 -60.0000007377
163.4 -60.0000007304
163.5 -60.0000007231
163.6 -60.0000007158
163.7 -60.0000007087
163.8 -60.0000007016
163.9 -60.0000006946
164.0 -60.0000006876
164.1 -60.0000006808
164.2 -60.0000006739
164.3 -60.0000006672
164.4 -60.0000006605
164.5 -60.0000006539
164.6 -60.0000006474
164.7 -60.0000006409
164.8 -60.0000006345
164.9 -60.0000006282
165.0 -60.0000006219
165.1 -60.0000006157
165.2 -60.0000006095
165.3 -60.0000006034
165.4 -60.0000005974
165.5 -60.0000005914
165.6 -60.0000005855
165.7 -60.0000005796
165.8 -60.0000005738
165.9 -60.0000005681
166.0 -60.0000005624
166.1 -60.0000005568
166.2 -60.0000005512
166.3 -60.0000005457
166.4 -60.0000005403
166.5 -60.0000005349
166.6 -60.0000005295
166.7 -60.0000005242
166.8 -60.000000519
166.9 -60.0000005138
167.0 -60.0000005086
167.1 -60.0000005036
167.2 -60.0000004985
167.3 -60.0000004935
167.4 -60.0000004886
167.5 -60.0000004837
167.6 -60.0000004789
167.7 -60.0000004741
167.8 -60.0000004693
167.9 -60.0000004647
168.0 -60.00000046
168.1 -60.0000004554
168.2 -60.0000004509
168.3 -60.0000004463
168.4 -60.0000004419
168.5 -60.0000004375
168.6 -60.0000004331
168.7 -60.0000004288
168.8 -60.0000004245
168.9 -60.0000004202
169.0 -60.000000416
169.1 -60.0000004119
169.2 -60.0000004077
169.3 -60.0000004037
169.4 -60.0000003996
169.5 -60.0000003956
169.6 -60.0000003917
169.7 -60.0000003878
169.8 -60.0000003839
169.9 -60.00000038
170.0 -60.0000003762
170.1 -60.0000003725
170.2 -60.0000003688
170.3 -60.0000003651
170.4 -60.0000003614
170.5 -60.0000003578
170.6 -60.0000003542
170.7 -60.0000003507
170.8 -60.0000003472
170.9 -60.0000003437
171.0 -60.0000003403
171.1 -60.0000003369
171.2 -60.0000003335
171.3 -60.0000003302
171.4 -60.0000003269
171.5 -60.0000003236
171.6 -60.0000003204
171.7 -60.0000003171
171.8 -60.000000314
171.9 -60.0000003108
172.0 -60.0000003077
172.1 -60.0000003047
172.2 -60.0000003016
172.3 -60.0000002986
172.4 -60.0000002956
172.5 -60.0000002926
172.6 -60.0000002897
172.7 -60.0000002868
172.8 -60.000000284
172.9 -60.0000002811
173.0 -60.0000002783
173.1 -60.0000002755
173.2 -60.0000002728
173.3 -60.00000027
173.4 -60.0000002673
173.5 -60.0000002647
173.6 -60.000000262
173.7 -60.0000002594
173.8 -60.0000002568
173.9 -60.0000002542
174.0 -60.0000002517
174.1 -60.0000002492
174.2 -60.0000002467
174.3 -60.0000002442
174.4 -60.0000002418
174.5 -60.0000002394
174.6 -60.000000237
174.7 -60.0000002346
174.8 -60.0000002322
174.9 -60.0000002299
175.0 -60.0000002276
175.1 -60.0000002254
175.2 -60.0000002231
175.3 -60.0000002209
175.4 -60.0000002187
175.5 -60.0000002165
175.6 -60.0000002143
175.7 -60.0000002122
175.8 -60.00000021
175.9 -60.0000002079
176.0 -60.0000002059
176.1 -60.0000002038
176.2 -60.0000002018
176.3 -60.0000001997
176.4 -60.0000001978
176.5 -60.0000001958
176.6 -60.0000001938
176.7 -60.0000001919
176.8 -60.00000019
176.9 -60.0000001881
177.0 -60.0000001862
177.1 -60.0000001843
177.2 -60.0000001825
177.3 -60.0000001806
177.4 -60.0000001788
177.5 -60.0000001771
177.6 -60.0000001753
177.7 -60.0000001735
177.8 -60.0000001718
177.9 -60.0000001701
178.0 -60.0000001684
178.1 -60.0000001667
178.2 -60.000000165
178.3 -60.0000001634
178.4 -60.0000001617
178.5 -60.0000001601
178.6 -60.0000001585
178.7 -60.0000001569
178.8 -60.0000001554
178.9 -60.0000001538
179.0 -60.0000001523
179.1 -60.0000001508
179.2 -60.0000001492
179.3 -60.0000001478
179.4 -60.0000001463
179.5 -60.0000001448
179.6 -60.0000001434
179.7 -60.0000001419
179.8 -60.0000001405
179.9 -60.0000001391
180.0 -60.0000001377
180.1 -60.0000001363
180.2 -60.000000135
180.3 -60.0000001336
180.4 -60.0000001323
180.5 -60.000000131
180.6 -60.0000001297
180.7 -60.0000001284
180.8 -60.0000001271
180.9 -60.0000001258
181.0 -60.0000001245
181.1 -60.0000001233
181.2 -60.0000001221
181.3 -60.0000001208
181.4 -60.0000001196
181.5 -60.0000001184
181.6 -60.0000001173
181.7 -60.0000001161
181.8 -60.0000001149
181.9 -60.0000001138
182.0 -60.0000001126
182.1 -60.0000001115
182.2 -60.0000001104
182.3 -60.0000001093
182.4 -60.0000001082
182.5 -60.0000001071
182.6 -60.000000106
182.7 -60.000000105
182.8 -60.0000001039
182.9 -60.0000001029
183.0 -60.0000001019
183.1 -60.0000001009
183.2 -60.0000000998
183.3 -60.0000000988
183.4 -60.0000000979
183.5 -60.0000000969
183.6 -60.0000000959
183.7 -60.0000000949
183.8 -60.000000094
183.9 -60.0000000931
184.0 -60.0000000921
184.1 -60.0000000912
184.2 -60.0000000903
184.3 -60.0000000894
184.4 -60.0000000885
184.5 -60.0000000876
184.6 -60.0000000867
184.7 -60.0000000859
184.8 -60.000000085
184.9 -60.0000000842
185.0 -60.0000000833
185.1 -60.0000000825
185.2 -60.0000000817
185.3 -60.0000000808
185.4 -60.00000008
185.5 -60.0000000792
185.6 -60.0000000784
185.7 -60.0000000777
185.8 -60.0000000769
185.9 -60.0000000761
186.0 -60.0000000754
186.1 -60.0000000746
186.2 -60.0000000739
186.3 -60.0000000731
186.4 -60.0000000724
186.5 -60.0000000717
186.6 -60.0000000709
186.7 -60.0000000702
186.8 -60.0000000695
186.9 -60.0000000688
187.0 -60.0000000681
187.1 -60.0000000675
187.2 -60.0000000668
187.3 -60.0000000661
187.4 -60.0000000655
187.5 -60.0000000648
187.6 -60.0000000642
187.7 -60.0000000635
187.8 -60.0000000629
187.9 -60.0000000623
188.0 -60.0000000616
188.1 -60.000000061
188.2 -60.0000000604
188.3 -60.0000000598
188.4 -60.0000000592
188.5 -60.0000000586
188.6 -60.000000058
188.7 -60.0000000574
188.8 -60.0000000569
188.9 -60.0000000563
189.0 -60.0000000557
189.1 -60.0000000552
189.2 -60.0000000546
189.3 -60.0000000541
189.4 -60.0000000535
189.5 -60.000000053
189.6 -60.0000000525
189.7 -60.000000052
189.8 -60.0000000514
189.9 -60.0000000509
190.0 -60.0000000504
190.1 -60.0000000499
190.2 -60.0000000494
190.3 -60.0000000489
190.4 -60.0000000484
190.5 -60.0000000479
190.6 -60.0000000475
190.7 -60.000000047
190.8 -60.0000000465
190.9 -60.000000046
191.0 -60.0000000456
191.1 -60.0000000451
191.2 -60.0000000447
191.3 -60.0000000442
191.4 -60.0000000438
191.5 -60.0000000434
191.6 -60.0000000429
191.7 -60.0000000425
191.8 -60.0000000421
191.9 -60.0000000416
192.0 -60.0000000412
192.1 -60.0000000408
192.2 -60.0000000404
192.3 -60.00000004
192.4 -60.0000000396
192.5 -60.0000000392
192.6 -60.0000000388
192.7 -60.0000000384
192.8 -60.000000038
192.9 -60.0000000377
193.0 -60.0000000373
193.1 -60.0000000369
193.2 -60.0000000365
193.3 -60.0000000362
193.4 -60.0000000358
193.5 -60.0000000355
193.6 -60.0000000351
193.7 -60.0000000348
193.8 -60.0000000344
193.9 -60.0000000341
194.0 -60.0000000337
194.1 -60.0000000334
194.2 -60.0000000331
194.3 -60.0000000327
194.4 -60.0000000324
194.5 -60.0000000321
194.6 -60.0000000317
194.7 -60.0000000314
194.8 -60.0000000311
194.9 -60.0000000308
195.0 -60.0000000305
195.1 -60.0000000302
195.2 -60.0000000299
195.3 -60.0000000296
195.4 -60.0000000293
195.5 -60.000000029
195.6 -60.0000000287
195.7 -60.0000000284
195.8 -60.0000000281
195.9 -60.0000000279
196.0 -60.0000000276
196.1 -60.0000000273
196.2 -60.000000027
196.3 -60.0000000268
196.4 -60.0000000265
196.5 -60.0000000262
196.6 -60.000000026
196.7 -60.0000000257
196.8 -60.0000000255
196.9 -60.0000000252
197.0 -60.0000000249
197.1 -60.0000000247
197.2 -60.0000000244
197.3 -60.0000000242
197.4 -60.000000024
197.5 -60.0000000237
197.6 -60.0000000235
197.7 -60.0000000232
197.8 -60.000000023
197.9 -60.0000000228
198.0 -60.0000000226
198.1 -60.0000000223
198.2 -60.0000000221
198.3 -60.0000000219
198.4 -60.0000000217
198.5 -60.0000000215
198.6 -60.0000000212
198.7 -60.000000021
198.8 -60.0000000208
198.9 -60.0000000206
199.0 -60.0000000204
199.1 -60.0000000202
199.2 -60.00000002
199.3 -60.0000000198
199.4 -60.0000000196
199.5 -60.0000000194
199.6 -60.0000000192
199.7 -60.000000019
199.8 -60.0000000188
199.9 -60.0000000186
200.0 -60.0000000185
200.1 -60.0000000183
200.2 -60.0000000181
200.3 -60.0000000179
200.4 -60.0000000177
200.5 -60.0000000175
200.6 -60.0000000174
200.7 -60.0000000172
200.8 -60.000000017
200.9 -60.0000000169
201.0 -60.0000000167
201.1 -60.0000000165
201.2 -60.0000000164
201.3 -60.0000000162
201.4 -60.000000016
201.5 -60.0000000159
201.6 -60.0000000157
201.7 -60.0000000156
201.8 -60.0000000154
201.9 -60.0000000152
202.0 -60.0000000151
202.1 -60.0000000149
202.2 -60.0000000148
202.3 -60.0000000146
202.4 -60.0000000145
202.5 -60.0000000144
202.6 -60.0000000142
202.7 -60.0000000141
202.8 -60.0000000139
202.9 -60.0000000138
203.0 -60.0000000136
203.1 -60.0000000135
203.2 -60.0000000134
203.3 -60.0000000132
203.4 -60.0000000131
203.5 -60.000000013
203.6 -60.0000000128
203.7 -60.0000000127
203.8 -60.0000000126
203.9 -60.0000000125
204.0 -60.0000000123
204.1 -60.0000000122
204.2 -60.0000000121
204.3 -60.000000012
204.4 -60.0000000119
204.5 -60.0000000117
204.6 -60.0000000116
204.7 -60.0000000115
204.8 -60.0000000114
204.9 -60.0000000113
205.0 -60.0000000112
205.1 -60.0000000111
205.2 -60.0000000109
205.3 -60.0000000108
205.4 -60.0000000107
205.5 -60.0000000106
205.6 -60.0000000105
205.7 -60.0000000104
205.8 -60.0000000103
205.9 -60.0000000102
206.0 -60.0000000101
206.1 -60.00000001
206.2 -60.0000000099
206.3 -60.0000000098
206.4 -60.0000000097
206.5 -60.0000000096
206.6 -60.0000000095
206.7 -60.0000000094
206.8 -60.0000000093
206.9 -60.0000000092
207.0 -60.0000000091
207.1 -60.000000009
207.2 -60.0000000089
207.3 -60.0000000089
207.4 -60.0000000088
207.5 -60.0000000087
207.6 -60.0000000086
207.7 -60.0000000085
207.8 -60.0000000084
207.9 -60.0000000083
208.0 -60.0000000083
208.1 -60.0000000082
208.2 -60.0000000081
208.3 -60.000000008
208.4 -60.0000000079
208.5 -60.0000000079
208.6 -60.0000000078
208.7 -60.0000000077
208.8 -60.0000000076
208.9 -60.0000000075
209.0 -60.0000000075
209.1 -60.0000000074
209.2 -60.0000000073
209.3 -60.0000000072
209.4 -60.0000000072
209.5 -60.0000000071
209.6 -60.000000007
209.7 -60.000000007
209.8 -60.0000000069
209.9 -60.0000000068
210.0 -60.0000000068
210.1 -60.0000000067
210.2 -60.0000000066
210.3 -60.0000000066
210.4 -60.0000000065
210.5 -60.0000000064
210.6 -60.0000000064
210.7 -60.0000000063
210.8 -60.0000000062
210.9 -60.0000000062
211.0 -60.0000000061
211.1 -60.000000006
211.2 -60.000000006
211.3 -60.0000000059
211.4 -60.0000000059
211.5 -60.0000000058
211.6 -60.0000000058
211.7 -60.0000000057
211.8 -60.0000000056
211.9 -60.0000000056
212.0 -60.0000000055
212.1 -60.0000000055
212.2 -60.0000000054
212.3 -60.0000000054
212.4 -60.0000000053
212.5 -60.0000000053
212.6 -60.0000000052
212.7 -60.0000000051
212.8 -60.0000000051
212.9 -60.000000005
213.0 -60.000000005
213.1 -60.0000000049
213.2 -60.0000000049
213.3 -60.0000000048
213.4 -60.0000000048
213.5 -60.0000000048
213.6 -60.0000000047
213.7 -60.0000000047
213.8 -60.0000000046
213.9 -60.0000000046
214.0 -60.0000000045
214.1 -60.0000000045
214.2 -60.0000000044
214.3 -60.0000000044
214.4 -60.0000000043
214.5 -60.0000000043
214.6 -60.0000000043
214.7 -60.0000000042
214.8 -60.0000000042
214.9 -60.0000000041
215.0 -60.0000000041
215.1 -60.000000004
215.2 -60.000000004
215.3 -60.000000004
215.4 -60.0000000039
215.5 -60.0000000039
215.6 -60.0000000038
215.7 -60.0000000038
215.8 -60.0000000038
215.9 -60.0000000037
216.0 -60.0000000037
216.1 -60.0000000037
216.2 -60.0000000036
216.3 -60.0000000036
216.4 -60.0000000035
216.5 -60.0000000035
216.6 -60.0000000035
216.7 -60.0000000034
216.8 -60.0000000034
216.9 -60.0000000034
217.0 -60.0000000033
217.1 -60.0000000033
217.2 -60.0000000033
217.3 -60.0000000032
217.4 -60.0000000032
217.5 -60.0000000032
217.6 -60.0000000031
217.7 -60.0000000031
217.8 -60.0000000031
217.9 -60.0000000031
218.0 -60.000000003
218.1 -60.000000003
218.2 -60.000000003
218.3 -60.0000000029
218.4 -60.0000000029
218.5 -60.0000000029
218.6 -60.0000000028
218.7 -60.0000000028
218.8 -60.0000000028
218.9 -60.0000000028
219.0 -60.0000000027
219.1 -60.0000000027
219.2 -60.0000000027
219.3 -60.0000000027
219.4 -60.0000000026
219.5 -60.0000000026
219.6 -60.0000000026
219.7 -60.0000000025
219.8 -60.0000000025
219.9 -60.0000000025
220.0 -60.0000000025
220.1 -60.0000000024
220.2 -60.0000000024
220.3 -60.0000000024
220.4 -60.0000000024
220.5 -60.0000000024
220.6 -60.0000000023
220.7 -60.0000000023
220.8 -60.0000000023
220.9 -60.0000000023
221.0 -60.0000000022
221.1 -60.0000000022
221.2 -60.0000000022
221.3 -60.0000000022
221.4 -60.0000000021
221.5 -60.0000000021
221.6 -60.0000000021
221.7 -60.0000000021
221.8 -60.0000000021
221.9 -60.000000002
222.0 -60.000000002
222.1 -60.000000002
222.2 -60.000000002
222.3 -60.000000002
222.4 -60.0000000019
222.5 -60.0000000019
222.6 -60.0000000019
222.7 -60.0000000019
222.8 -60.0000000019
222.9 -60.0000000018
223.0 -60.0000000018
223.1 -60.0000000018
223.2 -60.0000000018
223.3 -60.0000000018
223.4 -60.0000000018
223.5 -60.0000000017
223.6 -60.0000000017
223.7 -60.0000000017
223.8 -60.0000000017
223.9 -60.0000000017
224.0 -60.0000000017
224.1 -60.0000000016
224.2 -60.0000000016
224.3 -60.0000000016
224.4 -60.0000000016
224.5 -60.0000000016
224.6 -60.0000000016
224.7 -60.0000000015
224.8 -60.0000000015
224.9 -60.0000000015
225.0 -60.0000000015
225.1 -60.0000000015
225.2 -60.0000000015
225.3 -60.0000000015
225.4 -60.0000000014
225.5 -60.0000000014
225.6 -60.0000000014
225.7 -60.0000000014
225.8 -60.0000000014
225.9 -60.0000000014
226.0 -60.0000000014
226.1 -60.0000000013
226.2 -60.0000000013
226.3 -60.0000000013
226.4 -60.0000000013
226.5 -60.0000000013
226.6 -60.0000000013
226.7 -60.0000000013
226.8 -60.0000000012
226.9 -60.0000000012
227.0 -60.0000000012
227.1 -60.0000000012
227.2 -60.0000000012
227.3 -60.0000000012
227.4 -60.0000000012
227.5 -60.0000000012
227.6 -60.0000000012
227.7 -60.0000000011
227.8 -60.0000000011
227.9 -60.0000000011
228.0 -60.0000000011
228.1 -60.0000000011
228.2 -60.0000000011
228.3 -60.0000000011
228.4 -60.0000000011
228.5 -60.0000000011
228.6 -60.000000001
228.7 -60.000000001
228.8 -60.000000001
228.9 -60.000000001
229.0 -60.000000001
229.1 -60.000000001
229.2 -60.000000001
229.3 -60.000000001
229.4 -60.000000001
229.5 -60.000000001
229.6 -60.0000000009
229.7 -60.0000000009
229.8 -60.0000000009
229.9 -60.0000000009
230.0 -60.0000000009
230.1 -60.0000000009
230.2 -60.0000000009
230.3 -60.0000000009
230.4 -60.0000000009
230.5 -60.0000000009
230.6 -60.0000000009
230.7 -60.0000000008
230.8 -60.0000000008
230.9 -60.0000000008
231.0 -60.0000000008
231.1 -60.0000000008
231.2 -60.0000000008
231.3 -60.0000000008
231.4 -60.0000000008
231.5 -60.0000000008
231.6 -60.0000000008
231.7 -60.0000000008
231.8 -60.0000000008
231.9 -60.0000000007
232.0 -60.0000000007
232.1 -60.0000000007
232.2 -60.0000000007
232.3 -60.0000000007
232.4 -60.0000000007
232.5 -60.0000000007
232.6 -60.0000000007
232.7 -60.0000000007
232.8 -60.0000000007
232.9 -60.0000000007
233.0 -60.0000000007
233.1 -60.0000000007
233.2 -60.0000000007
233.3 -60.0000000006
233.4 -60.0000000006
233.5 -60.0000000006
233.6 -60.0000000006
233.7 -60.0000000006
233.8 -60.0000000006
233.9 -60.0000000006
234.0 -60.0000000006
234.1 -60.0000000006
234.2 -60.0000000006
234.3 -60.0000000006
234.4 -60.0000000006
234.5 -60.0000000006
234.6 -60.0000000006
234.7 -60.0000000006
234.8 -60.0000000006
234.9 -60.0000000006
235.0 -60.0000000005
235.1 -60.0000000005
235.2 -60.0000000005
235.3 -60.0000000005
235.4 -60.0000000005
235.5 -60.0000000005
235.6 -60.0000000005
235.7 -60.0000000005
235.8 -60.0000000005
235.9 -60.0000000005
236.0 -60.0000000005
236.1 -60.0000000005
236.2 -60.0000000005
236.3 -60.0000000005
236.4 -60.0000000005
236.5 -60.0000000005
236.6 -60.0000000005
236.7 -60.0000000005
236.8 -60.0000000005
236.9 -60.0000000005
237.0 -60.0000000004
237.1 -60.0000000004
237.2 -60.0000000004
237.3 -60.0000000004
237.4 -60.0000000004
237.5 -60.0000000004
237.6 -60.0000000004
237.7 -60.0000000004
237.8 -60.0000000004
237.9 -60.0000000004
238.0 -60.0000000004
238.1 -60.0000000004
238.2 -60.0000000004
238.3 -60.0000000004
238.4 -60.0000000004
238.5 -60.0000000004
238.6 -60.0000000004
238.7 -60.0000000004
238.8 -60.0000000004
238.9 -60.0000000004
239.0 -60.0000000004
239.1 -60.0000000004
239.2 -60.0000000004
239.3 -60.0000000004
239.4 -60.0000000004
239.5 -60.0000000003
239.6 -60.0000000003
239.7 -60.0000000003
239.8 -60.0000000003
239.9 -60.0000000003
240.0 -60.0000000003
240.1 -60.0000000003
240.2 -60.0000000003
240.3 -60.0000000003
240.4 -60.0000000003
240.5 -60.0000000003
240.6 -60.0000000003
240.7 -60.0000000003
240.8 -60.0000000003
240.9 -60.0000000003
241.0 -60.0000000003
241.1 -60.0000000003
241.2 -60.0000000003
241.3 -60.0000000003
241.4 -60.0000000003
241.5 -60.0000000003
241.6 -60.0000000003
241.7 -60.0000000003
241.8 -60.0000000003
241.9 -60.0000000003
242.0 -60.0000000003
242.1 -60.0000000003
242.2 -60.0000000003
242.3 -60.0000000003
242.4 -60.0000000003
242.5 -60.0000000003
242.6 -60.0000000003
242.7 -60.0000000003
242.8 -60.0000000002
242.9 -60.0000000002
243.0 -60.0000000002
243.1 -60.0000000002
243.2 -60.0000000002
243.3 -60.0000000002
243.4 -60.0000000002
243.5 -60.0000000002
243.6 -60.0000000002
243.7 -60.0000000002
243.8 -60.0000000002
243.9 -60.0000000002
244.0 -60.0000000002
244.1 -60.0000000002
244.2 -60.0000000002
244.3 -60.0000000002
244.4 -60.0000000002
244.5 -60.0000000002
244.6 -60.0000000002
244.7 -60.0000000002
244.8 -60.0000000002
244.9 -60.0000000002
245.0 -60.0000000002
245.1 -60.0000000002
245.2 -60.0000000002
245.3 -60.0000000002
245.4 -60.0000000002
245.5 -60.0000000002
245.6 -60.0000000002
245.7 -60.0000000002
245.8 -60.0000000002
245.9 -60.0000000002
246.0 -60.0000000002
246.1 -60.0000000002
246.2 -60.0000000002
246.3 -60.0000000002
246.4 -60.0000000002
246.5 -60.0000000002
246.6 -60.0000000002
246.7 -60.0000000002
246.8 -60.0000000002
246.9 -60.0000000002
247.0 -60.0000000002
247.1 -60.0000000002
247.2 -60.0000000002
247.3 -60.0000000002
247.4 -60.0000000002
247.5 -60.0000000002
247.6 -60.0000000002
247.7 -60.0000000002
247.8 -60.0000000002
247.9 -60.0000000001
248.0 -60.0000000001
248.1 -60.0000000001
248.2 -60.0000000001
248.3 -60.0000000001
248.4 -60.0000000001
248.5 -60.0000000001
248.6 -60.0000000001
248.7 -60.0000000001
248.8 -60.0000000001
248.9 -60.0000000001
249.0 -60.0000000001
249.1 -60.0000000001
249.2 -60.0000000001
249.3 -60.0000000001
249.4 -60.0000000001
249.5 -60.0000000001
249.6 -60.0000000001
249.7 -60.0000000001
249.8 -60.0000000001
249.9 -60.0000000001
250.0 -60.0000000001
250.1 -60.0000000001
250.2 -60.0000000001
250.3 -60.0000000001
250.4 -60.0000000001
250.5 -60.0000000001
250.6 -60.0000000001
250.7 -60.0000000001
250.8 -60.0000000001
250.9 -60.0000000001
251.0 -60.0000000001
251.1 -60.0000000001
251.2 -60.0000000001
251.3 -60.0000000001
251.4 -60.0000000001
251.5 -60.0000000001
251.6 -60.0000000001
251.7 -60.0000000001
251.8 -60.0000000001
251.9 -60.0000000001
252.0 -60.0000000001
252.1 -60.0000000001
252.2 -60.0000000001
252.3 -60.0000000001
252.4 -60.0000000001
252.5 -60.0000000001
252.6 -60.0000000001
252.7 -60.0000000001
252.8 -60.0000000001
252.9 -60.0000000001
253.0 -60.0000000001
253.1 -60.0000000001
253.2 -60.0000000001
253.3 -60.0000000001
253.4 -60.0000000001
253.5 -60.0000000001
253.6 -60.0000000001
253.7 -60.0000000001
253.8 -60.0000000001
253.9 -60.0000000001
254.0 -60.0000000001
254.1 -60.0000000001
254.2 -60.0000000001
254.3 -60.0000000001
254.4 -60.0000000001
254.5 -60.0000000001
254.6 -60.0000000001
254.7 -60.0000000001
254.8 -60.0000000001
254.9 -60.0000000001
255.0 -60.0000000001
255.1 -60.0000000001
255.2 -60.0000000001
255.3 -60.0000000001
255.4 -60.0000000001
255.5 -60.0000000001
255.6 -60.0000000001
255.7 -60.0000000001
255.8 -60.0000000001
255.9 -60.0000000001
256.0 -60.0000000001
256.1 -60.0000000001
256.2 -60.0000000001
256.3 -60.0000000001
256.4 -60.0000000001
256.5 -60.0000000001
256.6 -60.0000000001
256.7 -60.0000000001
256.8 -60.0000000001
256.9 -60.0000000001
257.0 -60.0000000001
257.1 -60.0000000001
257.2 -60.0000000001
257.3 -60.0000000001
257.4 -60.0000000001
257.5 -60.0000000001
257.6 -60.0000000001
257.7 -60.0000000001
257.8 -60.0000000001
257.9 -60.0000000001
258.0 -60.0000000001
258.1 -60.0000000001
258.2 -60.0000000001
258.3 -60.0000000001
258.4 -60.0000000001
258.5 -60.0000000001
258.6 -60.0000000001
258.7 -60.0000000001
258.8 -60.0000000001
258.9 -60.0
259.0 -60.0
259.1 -60.0
259.2 -60.0
259.3 -60.0
259.4 -60.0
259.5 -60.0
259.6 -60.0
259.7 -60.0
259.8 -60.0
259.9 -60.0
260.0 -60.0
260.1 -60.0
260.2 -60.0
260.3 -60.0
260.4 -60.0
260.5 -60.0
260.6 -60.0
260.7 -60.0
260.8 -60.0
260.9 -60.0
261.0 -60.0
261.1 -60.0
261.2 -60.0
261.3 -60.0
261.4 -60.0
261.5 -60.0
261.6 -60.0
261.7 -60.0
261.8 -60.0
261.9 -60.0
262.0 -60.0
262.1 -60.0
262.2 -60.0
262.3 -60.0
262.4 -60.0
262.5 -60.0
262.6 -60.0
262.7 -60.0
262.8 -60.0
262.9 -60.0
263.0 -60.0
263.1 -60.0
263.2 -60.0
263.3 -60.0
263.4 -60.0
263.5 -60.0
263.6 -60.0
263.7 -60.0
263.8 -60.0
263.9 -60.0
264.0 -60.0
264.1 -60.0
264.2 -60.0
264.3 -60.0
264.4 -60.0
264.5 -60.0
264.6 -60.0
264.7 -60.0
264.8 -60.0
264.9 -60.0
265.0 -60.0
265.1 -60.0
265.2 -60.0
265.3 -60.0
265.4 -60.0
265.5 -60.0
265.6 -60.0
265.7 -60.0
265.8 -60.0
265.9 -60.0
266.0 -60.0
266.1 -60.0
266.2 -60.0
266.3 -60.0
266.4 -60.0
266.5 -60.0
266.6 -60.0
266.7 -60.0
266.8 -60.0
266.9 -60.0
267.0 -60.0
267.1 -60.0
267.2 -60.0
267.3 -60.0
267.4 -60.0
267.5 -60.0
267.6 -60.0
267.7 -60.0
267.8 -60.0
267.9 -60.0
268.0 -60.0
268.1 -60.0
268.2 -60.0
268.3 -60.0
268.4 -60.0
268.5 -60.0
268.6 -60.0
268.7 -60.0
268.8 -60.0
268.9 -60.0
269.0 -60.0
269.1 -60.0
269.2 -60.0
269.3 -60.0
269.4 -60.0
269.5 -60.0
269.6 -60.0
269.7 -60.0
269.8 -60.0
269.9 -60.0
270.0 -60.0
270.1 -60.0
270.2 -60.0
270.3 -60.0
270.4 -60.0
270.5 -60.0
270.6 -60.0
270.7 -60.0
270.8 -60.0
270.9 -60.0
271.0 -60.0
271.1 -60.0
271.2 -60.0
271.3 -60.0
271.4 -60.0
271.5 -60.0
271.6 -60.0
271.7 -60.0
271.8 -60.0
271.9 -60.0
272.0 -60.0
272.1 -60.0
272.2 -60.0
272.3 -60.0
272.4 -60.0
272.5 -60.0
272.6 -60.0
272.7 -60.0
272.8 -60.0
272.9 -60.0
273.0 -60.0
273.1 -60.0
273.2 -60.0
273.3 -60.0
273.4 -60.0
273.5 -60.0
273.6 -60.0
273.7 -60.0
273.8 -60.0
273.9 -60.0
274.0 -60.0
274.1 -60.0
274.2 -60.0
274.3 -60.0
274.4 -60.0
274.5 -60.0
274.6 -60.0
274.7 -60.0
274.8 -60.0
274.9 -60.0
275.0 -60.0
275.1 -60.0
275.2 -60.0
275.3 -60.0
275.4 -60.0
275.5 -60.0
275.6 -60.0
275.7 -60.0
275.8 -60.0
275.9 -60.0
276.0 -60.0
276.1 -60.0
276.2 -60.0
276.3 -60.0
276.4 -60.0
276.5 -60.0
276.6 -60.0
276.7 -60.0
276.8 -60.0
276.9 -60.0
277.0 -60.0
277.1 -60.0
277.2 -60.0
277.3 -60.0
277.4 -60.0
277.5 -60.0
277.6 -60.0
277.7 -60.0
277.8 -60.0
277.9 -60.0
278.0 -60.0
278.1 -60.0
278.2 -60.0
278.3 -60.0
278.4 -60.0
278.5 -60.0
278.6 -60.0
278.7 -60.0
278.8 -60.0
278.9 -60.0
279.0 -60.0
279.1 -60.0
279.2 -60.0
279.3 -60.0
279.4 -60.0
279.5 -60.0
279.6 -60.0
279.7 -60.0
279.8 -60.0
279.9 -60.0
280.0 -60.0
280.1 -60.0
280.2 -60.0
280.3 -60.0
280.4 -60.0
280.5 -60.0
280.6 -60.0
280.7 -60.0
280.8 -60.0
280.9 -60.0
281.0 -60.0
281.1 -60.0
281.2 -60.0
281.3 -60.0
281.4 -60.0
281.5 -60.0
281.6 -60.0
281.7 -60.0
281.8 -60.0
281.9 -60.0
282.0 -60.0
282.1 -60.0
282.2 -60.0
282.3 -60.0
282.4 -60.0
282.5 -60.0
282.6 -60.0
282.7 -60.0
282.8 -60.0
282.9 -60.0
283.0 -60.0
283.1 -60.0
283.2 -60.0
283.3 -60.0
283.4 -60.0
283.5 -60.0
283.6 -60.0
283.7 -60.0
283.8 -60.0
283.9 -60.0
284.0 -60.0
284.1 -60.0
284.2 -60.0
284.3 -60.0
284.4 -60.0
284.5 -60.0
284.6 -60.0
284.7 -60.0
284.8 -60.0
284.9 -60.0
285.0 -60.0
285.1 -60.0
285.2 -60.0
285.3 -60.0
285.4 -60.0
285.5 -60.0
285.6 -60.0
285.7 -60.0
285.8 -60.0
285.9 -60.0
286.0 -60.0
286.1 -60.0
286.2 -60.0
286.3 -60.0
286.4 -60.0
286.5 -60.0
286.6 -60.0
286.7 -60.0
286.8 -60.0
286.9 -60.0
287.0 -60.0
287.1 -60.0
287.2 -60.0
287.3 -60.0
287.4 -60.0
287.5 -60.0
287.6 -60.0
287.7 -60.0
287.8 -60.0
287.9 -60.0
288.0 -60.0
288.1 -60.0
288.2 -60.0
288.3 -60.0
288.4 -60.0
288.5 -60.0
288.6 -60.0
288.7 -60.0
288.8 -60.0
288.9 -60.0
289.0 -60.0
289.1 -60.0
289.2 -60.0
289.3 -60.0
289.4 -60.0
289.5 -60.0
289.6 -60.0
289.7 -60.0
289.8 -60.0
289.9 -60.0
290.0 -60.0
290.1 -60.0
290.2 -60.0
290.3 -60.0
290.4 -60.0
290.5 -60.0
290.6 -60.0
290.7 -60.0
290.8 -60.0
290.9 -60.0
291.0 -60.0
291.1 -60.0
291.2 -60.0
291.3 -60.0
291.4 -60.0
291.5 -60.0
291.6 -60.0
291.7 -60.0
291.8 -60.0
291.9 -60.0
292.0 -60.0
292.1 -60.0
292.2 -60.0
292.3 -60.0
292.4 -60.0
292.5 -60.0
292.6 -60.0
292.7 -60.0
292.8 -60.0
292.9 -60.0
293.0 -60.0
293.1 -60.0
293.2 -60.0
293.3 -60.0
293.4 -60.0
293.5 -60.0
293.6 -60.0
293.7 -60.0
293.8 -60.0
293.9 -60.0
294.0 -60.0
294.1 -60.0
294.2 -60.0
294.3 -60.0
294.4 -60.0
294.5 -60.0
294.6 -60.0
294.7 -60.0
294.8 -60.0
294.9 -60.0
295.0 -60.0
295.1 -60.0
295.2 -60.0
295.3 -60.0
295.4 -60.0
295.5 -60.0
295.6 -60.0
295.7 -60.0
295.8 -60.0
295.9 -60.0
296.0 -60.0
296.1 -60.0
296.2 -60.0
296.3 -60.0
296.4 -60.0
296.5 -60.0
296.6 -60.0
296.7 -60.0
296.8 -60.0
296.9 -60.0
297.0 -60.0
297.1 -60.0
297.2 -60.0
297.3 -60.0
297.4 -60.0
297.5 -60.0
297.6 -60.0
297.7 -60.0
297.8 -60.0
297.9 -60.0
298.0 -60.0
298.1 -60.0
298.2 -60.0
298.3 -60.0
298.4 -60.0
298.5 -60.0
298.6 -60.0
298.7 -60.0
298.8 -60.0
298.9 -60.0
299.0 -60.0
299.1 -60.0
299.2 -60.0
299.3 -60.0
299.4 -60.0
299.5 -60.0
299.6 -60.0
299.7 -60.0
299.8 -60.0
299.9 -60.0
300.0 -60.0
