0 -69.84
0.1 -69.6816
0.2 -69.524784
0.3 -69.36953616
0.4 -69.2158407984
0.5 -69.0636823904
0.6 -68.9130455665
0.7 -68.7639151108
0.8 -68.6162759597
0.9 -68.4701132001
1.0 -68.3254120681
1.1 -68.1821579475
1.2 -68.040336368
1.3 -67.8999330043
1.4 -67.7609336743
1.5 -67.6233243375
1.6 -67.4870910941
1.7 -67.3522201832
1.8 -67.2186979814
1.9 -67.0865110016
2.0 -66.9556458915
2.1 -66.8260894326
2.2 -66.6978285383
2.3 -66.5708502529
2.4 -66.4451417504
2.5 -66.3206903329
2.6 -66.1974834296
2.7 -66.0755085953
2.8 -65.9547535093
2.9 -65.8352059742
3.0 -65.7168539145
3.1 -65.5996853753
3.2 -65.4836885216
3.3 -65.3688516364
3.4 -65.25516312
3.5 -65.1426114888
3.6 -65.0311853739
3.7 -64.9208735202
3.8 -64.811664785
3.9 -64.7035481371
4.0 -64.5965126557
4.1 -64.4905475292
4.2 -64.3856420539
4.3 -64.2817856334
4.4 -64.178967777
4.5 -64.0771780993
4.6 -63.9764063183
4.7 -63.8766422551
4.8 -63.7778758325
4.9 -63.6800970742
5.0 -63.5832961035
5.1 -63.4874631424
5.2 -63.392588511
5.3 -63.2986626259
5.4 -63.2056759996
5.5 -63.1136192396
5.6 -63.0224830472
5.7 -62.9322582168
5.8 -62.8429356346
5.9 -62.7545062783
6.0 -62.6669612155
6.1 -62.5802916033
6.2 -62.4944886873
6.3 -62.4095438004
6.4 -62.3254483624
6.5 -62.2421938788
6.6 -62.15977194
6.7 -62.0781742206
6.8 -61.9973924784
6.9 -61.9174185536
7.0 -61.8382443681
7.1 -61.7598619244
7.2 -61.6822633051
7.3 -61.6054406721
7.4 -61.5293862654
7.5 -61.4540924027
7.6 -61.3795514787
7.7 -61.3057559639
7.8 -61.2326984043
7.9 -61.1603714202
8.0 -61.088767706
8.1 -61.017880029
8.2 -60.9477012287
8.3 -60.8782242164
8.4 -60.8094419742
8.5 -60.7413475545
8.6 -60.6739340789
8.7 -60.6071947381
8.8 -60.5411227908
8.9 -60.4757115629
9.0 -60.4109544472
9.1 -60.3468449028
9.2 -60.2833764537
9.3 -60.2205426892
9.4 -60.1583372623
9.5 -60.0967538897
9.6 -60.0357863508
9.7 -59.9754284873
9.8 -59.9156742024
9.9 -59.8565174604
10.0 -59.7979522858
10.1 -59.7399727629
10.2 -59.6825730353
10.3 -59.6257473049
10.4 -59.5694898319
10.5 -59.5137949336
10.6 -59.4586569842
10.7 -59.4040704144
10.8 -59.3500297102
10.9 -59.2965294131
11.0 -59.243564119
11.1 -59.1911284778
11.2 -59.139217193
11.3 -59.0878250211
11.4 -59.0369467709
11.5 -58.9865773032
11.6 -58.9367115302
11.7 -58.8873444149
11.8 -58.8384709707
11.9 -58.790086261
12.0 -58.7421853984
12.1 -58.6947635444
12.2 -58.647815909
12.3 -58.6013377499
12.4 -58.5553243724
12.5 -58.5097711286
12.6 -58.4646734174
12.7 -58.4200266832
12.8 -58.3758264164
12.9 -58.3320681522
13.0 -58.2887474707
13.1 -58.245859996
13.2 -58.203401396
13.3 -58.161367382
13.4 -58.1197537082
13.5 -58.0785561711
13.6 -58.0377706094
13.7 -57.9973929033
13.8 -57.9574189743
13.9 -57.9178447846
14.0 -57.8786663367
14.1 -57.8398796733
14.2 -57.8014808766
14.3 -57.7634660678
14.4 -57.7258314072
14.5 -57.6885730931
14.6 -57.6516873622
14.7 -57.6151704885
14.8 -57.5790187837
14.9 -57.5432285958
15.0 -57.5077963099
15.1 -57.4727183468
15.2 -57.4379911633
15.3 -57.4036112517
15.4 -57.3695751391
15.5 -57.3358793878
15.6 -57.3025205939
15.7 -57.2694953879
15.8 -57.2368004341
15.9 -57.2044324297
16.0 -57.1723881054
16.1 -57.1406642244
16.2 -57.1092575821
16.3 -57.0781650063
16.4 -57.0473833562
16.5 -57.0169095227
16.6 -56.9867404275
16.7 -56.9568730232
16.8 -56.9273042929
16.9 -56.89803125
17.0 -56.8690509375
17.1 -56.8403604281
17.2 -56.8119568239
17.3 -56.7838372556
17.4 -56.7559988831
17.5 -56.7284388942
17.6 -56.7011545053
17.7 -56.6741429602
17.8 -56.6474015306
17.9 -56.6209275153
18.0 -56.5947182402
18.1 -56.5687710578
18.2 -56.5430833472
18.3 -56.5176525137
18.4 -56.4924759886
18.5 -56.4675512287
18.6 -56.4428757164
18.7 -56.4184469593
18.8 -56.3942624897
18.9 -56.3703198648
19.0 -56.3466166661
19.1 -56.3231504995
19.2 -56.2999189945
19.3 -56.2769198045
19.4 -56.2541506065
19.5 -56.2316091004
19.6 -56.2092930094
19.7 -56.1872000793
19.8 -56.1653280785
19.9 -56.1436747977
20.0 -56.1222380498
20.1 -56.1010156693
20.2 -56.0800055126
20.3 -56.0592054574
20.4 -56.0386134029
20.5 -56.0182272688
20.6 -55.9980449961
20.7 -55.9780645462
20.8 -55.9582839007
20.9 -55.9387010617
21.0 -55.9193140511
21.1 -55.9001209106
21.2 -55.8811197015
21.3 -55.8623085045
21.4 -55.8436854194
21.5 -55.8252485652
21.6 -55.8069960796
21.7 -55.7889261188
21.8 -55.7710368576
21.9 -55.753326489
22.0 -55.7357932241
22.1 -55.7184352919
22.2 -55.701250939
22.3 -55.6842384296
22.4 -55.6673960453
22.5 -55.6507220848
22.6 -55.634214864
22.7 -55.6178727153
22.8 -55.6016939882
22.9 -55.5856770483
23.0 -55.5698202778
23.1 -55.554122075
23.2 -55.5385808543
23.3 -55.5231950457
23.4 -55.5079630953
23.5 -55.4928834643
23.6 -55.4779546297
23.7 -55.4631750834
23.8 -55.4485433326
23.9 -55.4340578992
24.0 -55.4197173202
24.1 -55.405520147
24.2 -55.3914649456
24.3 -55.3775502961
24.4 -55.3637747932
24.5 -55.3501370452
24.6 -55.3366356748
24.7 -55.323269318
24.8 -55.3100366248
24.9 -55.2969362586
25.0 -55.283966896
25.1 -55.271127227
25.2 -55.2584159548
25.3 -55.2458317952
25.4 -55.2333734773
25.5 -55.2210397425
25.6 -55.2088293451
25.7 -55.1967410516
25.8 -55.1847736411
25.9 -55.1729259047
26.0 -55.1611966457
26.1 -55.1495846792
26.2 -55.1380888324
26.3 -55.1267079441
26.4 -55.1154408646
26.5 -55.104286456
26.6 -55.0932435914
26.7 -55.0823111555
26.8 -55.071488044
26.9 -55.0607731635
27.0 -55.0501654319
27.1 -55.0396637776
27.2 -55.0292671398
27.3 -55.0189744684
27.4 -55.0087847237
27.5 0
27.6 -69.84
27.7 -69.6816
27.8 -69.524784
27.9 -69.36953616
28.0 -69.2158407984
28.1 -69.0636823904
28.2 -68.9130455665
28.3 -68.7639151108
28.4 -68.6162759597
28.5 -68.4701132001
28.6 -68.3254120681
28.7 -68.1821579475
28.8 -68.040336368
28.9 -67.8999330043
29.0 -67.7609336743
29.1 -67.6233243375
29.2 -67.4870910941
29.3 -67.3522201832
29.4 -67.2186979814
29.5 -67.0865110016
29.6 -66.9556458915
29.7 -66.8260894326
29.8 -66.6978285383
29.9 -66.5708502529
30.0 -66.4451417504
30.1 -66.3206903329
30.2 -66.1974834296
30.3 -66.0755085953
30.4 -65.9547535093
30.5 -65.8352059742
30.6 -65.7168539145
30.7 -65.5996853753
30.8 -65.4836885216
30.9 -65.3688516364
31.0 -65.25516312
31.1 -65.1426114888
31.2 -65.0311853739
31.3 -64.9208735202
31.4 -64.811664785
31.5 -64.7035481371
31.6 -64.5965126557
31.7 -64.4905475292
31.8 -64.3856420539
31.9 -64.2817856334
32.0 -64.178967777
32.1 -64.0771780993
32.2 -63.9764063183
32.3 -63.8766422551
32.4 -63.7778758325
32.5 -63.6800970742
32.6 -63.5832961035
32.7 -63.4874631424
32.8 -63.392588511
32.9 -63.2986626259
33.0 -63.2056759996
33.1 -63.1136192396
33.2 -63.0224830472
33.3 -62.9322582168
33.4 -62.8429356346
33.5 -62.7545062783
33.6 -62.6669612155
33.7 -62.5802916033
33.8 -62.4944886873
33.9 -62.4095438004
34.0 -62.3254483624
34.1 -62.2421938788
34.2 -62.15977194
34.3 -62.0781742206
34.4 -61.9973924784
34.5 -61.9174185536
34.6 -61.8382443681
34.7 -61.7598619244
34.8 -61.6822633051
34.9 -61.6054406721
35.0 -61.5293862654
35.1 -61.4540924027
35.2 -61.3795514787
35.3 -61.3057559639
35.4 -61.2326984043
35.5 -61.1603714202
35.6 -61.088767706
35.7 -61.017880029
35.8 -60.9477012287
35.9 -60.8782242164
36.0 -60.8094419742
36.1 -60.7413475545
36.2 -60.6739340789
36.3 -60.6071947381
36.4 -60.5411227908
36.5 -60.4757115629
36.6 -60.4109544472
36.7 -60.3468449028
36.8 -60.2833764537
36.9 -60.2205426892
37.0 -60.1583372623
37.1 -60.0967538897
37.2 -60.0357863508
37.3 -59.9754284873
37.4 -59.9156742024
37.5 -59.8565174604
37.6 -59.7979522858
37.7 -59.7399727629
37.8 -59.6825730353
37.9 -59.6257473049
38.0 -59.5694898319
38.1 -59.5137949336
38.2 -59.4586569842
38.3 -59.4040704144
38.4 -59.3500297102
38.5 -59.2965294131
38.6 -59.243564119
38.7 -59.1911284778
38.8 -59.139217193
38.9 -59.0878250211
39.0 -59.0369467709
39.1 -58.9865773032
39.2 -58.9367115302
39.3 -58.8873444149
39.4 -58.8384709707
39.5 -58.790086261
39.6 -58.7421853984
39.7 -58.6947635444
39.8 -58.647815909
39.9 -58.6013377499
40.0 -58.5553243724
40.1 -58.5097711286
40.2 -58.4646734174
40.3 -58.4200266832
40.4 -58.3758264164
40.5 -58.3320681522
40.6 -58.2887474707
40.7 -58.245859996
40.8 -58.203401396
40.9 -58.161367382
41.0 -58.1197537082
41.1 -58.0785561711
41.2 -58.0377706094
41.3 -57.9973929033
41.4 -57.9574189743
41.5 -57.9178447846
41.6 -57.8786663367
41.7 -57.8398796733
41.8 -57.8014808766
41.9 -57.7634660678
42.0 -57.7258314072
42.1 -57.6885730931
42.2 -57.6516873622
42.3 -57.6151704885
42.4 -57.5790187837
42.5 -57.5432285958
42.6 -57.5077963099
42.7 -57.4727183468
42.8 -57.4379911633
42.9 -57.4036112517
43.0 -57.3695751391
43.1 -57.3358793878
43.2 -57.3025205939
43.3 -57.2694953879
43.4 -57.2368004341
43.5 -57.2044324297
43.6 -57.1723881054
43.7 -57.1406642244
43.8 -57.1092575821
43.9 -57.0781650063
44.0 -57.0473833562
44.1 -57.0169095227
44.2 -56.9867404275
44.3 -56.9568730232
44.4 -56.9273042929
44.5 -56.89803125
44.6 -56.8690509375
44.7 -56.8403604281
44.8 -56.8119568239
44.9 -56.7838372556
45.0 -56.7559988831
45.1 -56.7284388942
45.2 -56.7011545053
45.3 -56.6741429602
45.4 -56.6474015306
45.5 -56.6209275153
45.6 -56.5947182402
45.7 -56.5687710578
45.8 -56.5430833472
45.9 -56.5176525137
46.0 -56.4924759886
46.1 -56.4675512287
46.2 -56.4428757164
46.3 -56.4184469593
46.4 -56.3942624897
46.5 -56.3703198648
46.6 -56.3466166661
46.7 -56.3231504995
46.8 -56.2999189945
46.9 -56.2769198045
47.0 -56.2541506065
47.1 -56.2316091004
47.2 -56.2092930094
47.3 -56.1872000793
47.4 -56.1653280785
47.5 -56.1436747977
47.6 -56.1222380498
47.7 -56.1010156693
47.8 -56.0800055126
47.9 -56.0592054574
48.0 -56.0386134029
48.1 -56.0182272688
48.2 -55.9980449961
48.3 -55.9780645462
48.4 -55.9582839007
48.5 -55.9387010617
48.6 -55.9193140511
48.7 -55.9001209106
48.8 -55.8811197015
48.9 -55.8623085045
49.0 -55.8436854194
49.1 -55.8252485652
49.2 -55.8069960796
49.3 -55.7889261188
49.4 -55.7710368576
49.5 -55.753326489
49.6 -55.7357932241
49.7 -55.7184352919
49.8 -55.701250939
49.9 -55.6842384296
50.0 -55.6673960453
50.1 -55.6507220848
50.2 -55.634214864
50.3 -55.6178727153
50.4 -55.6016939882
50.5 -55.5856770483
50.6 -55.5698202778
50.7 -55.554122075
50.8 -55.5385808543
50.9 -55.5231950457
51.0 -55.5079630953
51.1 -55.4928834643
51.2 -55.4779546297
51.3 -55.4631750834
51.4 -55.4485433326
51.5 -55.4340578992
51.6 -55.4197173202
51.7 -55.405520147
51.8 -55.3914649456
51.9 -55.3775502961
52.0 -55.3637747932
52.1 -55.3501370452
52.2 -55.3366356748
52.3 -55.323269318
52.4 -55.3100366248
52.5 -55.2969362586
52.6 -55.283966896
52.7 -55.271127227
52.8 -55.2584159548
52.9 -55.2458317952
53.0 -55.2333734773
53.1 -55.2210397425
53.2 -55.2088293451
53.3 -55.1967410516
53.4 -55.1847736411
53.5 -55.1729259047
53.6 -55.1611966457
53.7 -55.1495846792
53.8 -55.1380888324
53.9 -55.1267079441
54.0 -55.1154408646
54.1 -55.104286456
54.2 -55.0932435914
54.3 -55.0823111555
54.4 -55.071488044
54.5 -55.0607731635
54.6 -55.0501654319
54.7 -55.0396637776
54.8 -55.0292671398
54.9 -55.0189744684
55.0 -55.0087847237
55.1 0
55.2 -69.84
55.3 -69.6816
55.4 -69.524784
55.5 -69.36953616
55.6 -69.2158407984
55.7 -69.0636823904
55.8 -68.9130455665
55.9 -68.7639151108
56.0 -68.6162759597
56.1 -68.4701132001
56.2 -68.3254120681
56.3 -68.1821579475
56.4 -68.040336368
56.5 -67.8999330043
56.6 -67.7609336743
56.7 -67.6233243375
56.8 -67.4870910941
56.9 -67.3522201832
57.0 -67.2186979814
57.1 -67.0865110016
57.2 -66.9556458915
57.3 -66.8260894326
57.4 -66.6978285383
57.5 -66.5708502529
57.6 -66.4451417504
57.7 -66.3206903329
57.8 -66.1974834296
57.9 -66.0755085953
58.0 -65.9547535093
58.1 -65.8352059742
58.2 -65.7168539145
58.3 -65.5996853753
58.4 -65.4836885216
58.5 -65.3688516364
58.6 -65.25516312
58.7 -65.1426114888
58.8 -65.0311853739
58.9 -64.9208735202
59.0 -64.811664785
59.1 -64.7035481371
59.2 -64.5965126557
59.3 -64.4905475292
59.4 -64.3856420539
59.5 -64.2817856334
59.6 -64.178967777
59.7 -64.0771780993
59.8 -63.9764063183
59.9 -63.8766422551
60.0 -63.7778758325
60.1 -63.6800970742
60.2 -63.5832961035
60.3 -63.4874631424
60.4 -63.392588511
60.5 -63.2986626259
60.6 -63.2056759996
60.7 -63.1136192396
60.8 -63.0224830472
60.9 -62.9322582168
61.0 -62.8429356346
61.1 -62.7545062783
61.2 -62.6669612155
61.3 -62.5802916033
61.4 -62.4944886873
61.5 -62.4095438004
61.6 -62.3254483624
61.7 -62.2421938788
61.8 -62.15977194
61.9 -62.0781742206
62.0 -61.9973924784
62.1 -61.9174185536
62.2 -61.8382443681
62.3 -61.7598619244
62.4 -61.6822633051
62.5 -61.6054406721
62.6 -61.5293862654
62.7 -61.4540924027
62.8 -61.3795514787
62.9 -61.3057559639
63.0 -61.2326984043
63.1 -61.1603714202
63.2 -61.088767706
63.3 -61.017880029
63.4 -60.9477012287
63.5 -60.8782242164
63.6 -60.8094419742
63.7 -60.7413475545
63.8 -60.6739340789
63.9 -60.6071947381
64.0 -60.5411227908
64.1 -60.4757115629
64.2 -60.4109544472
64.3 -60.3468449028
64.4 -60.2833764537
64.5 -60.2205426892
64.6 -60.1583372623
64.7 -60.0967538897
64.8 -60.0357863508
64.9 -59.9754284873
65.0 -59.9156742024
65.1 -59.8565174604
65.2 -59.7979522858
65.3 -59.7399727629
65.4 -59.6825730353
65.5 -59.6257473049
65.6 -59.5694898319
65.7 -59.5137949336
65.8 -59.4586569842
65.9 -59.4040704144
66.0 -59.3500297102
66.1 -59.2965294131
66.2 -59.243564119
66.3 -59.1911284778
66.4 -59.139217193
66.5 -59.0878250211
66.6 -59.0369467709
66.7 -58.9865773032
66.8 -58.9367115302
66.9 -58.8873444149
67.0 -58.8384709707
67.1 -58.790086261
67.2 -58.7421853984
67.3 -58.6947635444
67.4 -58.647815909
67.5 -58.6013377499
67.6 -58.5553243724
67.7 -58.5097711286
67.8 -58.4646734174
67.9 -58.4200266832
68.0 -58.3758264164
68.1 -58.3320681522
68.2 -58.2887474707
68.3 -58.245859996
68.4 -58.203401396
68.5 -58.161367382
68.6 -58.1197537082
68.7 -58.0785561711
68.8 -58.0377706094
68.9 -57.9973929033
69.0 -57.9574189743
69.1 -57.9178447846
69.2 -57.8786663367
69.3 -57.8398796733
69.4 -57.8014808766
69.5 -57.7634660678
69.6 -57.7258314072
69.7 -57.6885730931
69.8 -57.6516873622
69.9 -57.6151704885
70.0 -57.5790187837
70.1 -57.5432285958
70.2 -57.5077963099
70.3 -57.4727183468
70.4 -57.4379911633
70.5 -57.4036112517
70.6 -57.3695751391
70.7 -57.3358793878
70.8 -57.3025205939
70.9 -57.2694953879
71.0 -57.2368004341
71.1 -57.2044324297
71.2 -57.1723881054
71.3 -57.1406642244
71.4 -57.1092575821
71.5 -57.0781650063
71.6 -57.0473833562
71.7 -57.0169095227
71.8 -56.9867404275
71.9 -56.9568730232
72.0 -56.9273042929
72.1 -56.89803125
72.2 -56.8690509375
72.3 -56.8403604281
72.4 -56.8119568239
72.5 -56.7838372556
72.6 -56.7559988831
72.7 -56.7284388942
72.8 -56.7011545053
72.9 -56.6741429602
73.0 -56.6474015306
73.1 -56.6209275153
73.2 -56.5947182402
73.3 -56.5687710578
73.4 -56.5430833472
73.5 -56.5176525137
73.6 -56.4924759886
73.7 -56.4675512287
73.8 -56.4428757164
73.9 -56.4184469593
74.0 -56.3942624897
74.1 -56.3703198648
74.2 -56.3466166661
74.3 -56.3231504995
74.4 -56.2999189945
74.5 -56.2769198045
74.6 -56.2541506065
74.7 -56.2316091004
74.8 -56.2092930094
74.9 -56.1872000793
75.0 -56.1653280785
75.1 -56.1436747977
75.2 -56.1222380498
75.3 -56.1010156693
75.4 -56.0800055126
75.5 -56.0592054574
75.6 -56.0386134029
75.7 -56.0182272688
75.8 -55.9980449961
75.9 -55.9780645462
76.0 -55.9582839007
76.1 -55.9387010617
76.2 -55.9193140511
76.3 -55.9001209106
76.4 -55.8811197015
76.5 -55.8623085045
76.6 -55.8436854194
76.7 -55.8252485652
76.8 -55.8069960796
76.9 -55.7889261188
77.0 -55.7710368576
77.1 -55.753326489
77.2 -55.7357932241
77.3 -55.7184352919
77.4 -55.701250939
77.5 -55.6842384296
77.6 -55.6673960453
77.7 -55.6507220848
77.8 -55.634214864
77.9 -55.6178727153
78.0 -55.6016939882
78.1 -55.5856770483
78.2 -55.5698202778
78.3 -55.554122075
78.4 -55.5385808543
78.5 -55.5231950457
78.6 -55.5079630953
78.7 -55.4928834643
78.8 -55.4779546297
78.9 -55.4631750834
79.0 -55.4485433326
79.1 -55.4340578992
79.2 -55.4197173202
79.3 -55.405520147
79.4 -55.3914649456
79.5 -55.3775502961
79.6 -55.3637747932
79.7 -55.3501370452
79.8 -55.3366356748
79.9 -55.323269318
80.0 -55.3100366248
80.1 -55.2969362586
80.2 -55.283966896
80.3 -55.271127227
80.4 -55.2584159548
80.5 -55.2458317952
80.6 -55.2333734773
80.7 -55.2210397425
80.8 -55.2088293451
80.9 -55.1967410516
81.0 -55.1847736411
81.1 -55.1729259047
81.2 -55.1611966457
81.3 -55.1495846792
81.4 -55.1380888324
81.5 -55.1267079441
81.6 -55.1154408646
81.7 -55.104286456
81.8 -55.0932435914
81.9 -55.0823111555
82.0 -55.071488044
82.1 -55.0607731635
82.2 -55.0501654319
82.3 -55.0396637776
82.4 -55.0292671398
82.5 -55.0189744684
82.6 -55.0087847237
82.7 0
82.8 -69.84
82.9 -69.6816
83.0 -69.524784
83.1 -69.36953616
83.2 -69.2158407984
83.3 -69.0636823904
83.4 -68.9130455665
83.5 -68.7639151108
83.6 -68.6162759597
83.7 -68.4701132001
83.8 -68.3254120681
83.9 -68.1821579475
84.0 -68.040336368
84.1 -67.8999330043
84.2 -67.7609336743
84.3 -67.6233243375
84.4 -67.4870910941
84.5 -67.3522201832
84.6 -67.2186979814
84.7 -67.0865110016
84.8 -66.9556458915
84.9 -66.8260894326
85.0 -66.6978285383
85.1 -66.5708502529
85.2 -66.4451417504
85.3 -66.3206903329
85.4 -66.1974834296
85.5 -66.0755085953
85.6 -65.9547535093
85.7 -65.8352059742
85.8 -65.7168539145
85.9 -65.5996853753
86.0 -65.4836885216
86.1 -65.3688516364
86.2 -65.25516312
86.3 -65.1426114888
86.4 -65.0311853739
86.5 -64.9208735202
86.6 -64.811664785
86.7 -64.7035481371
86.8 -64.5965126557
86.9 -64.4905475292
87.0 -64.3856420539
87.1 -64.2817856334
87.2 -64.178967777
87.3 -64.0771780993
87.4 -63.9764063183
87.5 -63.8766422551
87.6 -63.7778758325
87.7 -63.6800970742
87.8 -63.5832961035
87.9 -63.4874631424
88.0 -63.392588511
88.1 -63.2986626259
88.2 -63.2056759996
88.3 -63.1136192396
88.4 -63.0224830472
88.5 -62.9322582168
88.6 -62.8429356346
88.7 -62.7545062783
88.8 -62.6669612155
88.9 -62.5802916033
89.0 -62.4944886873
89.1 -62.4095438004
89.2 -62.3254483624
89.3 -62.2421938788
89.4 -62.15977194
89.5 -62.0781742206
89.6 -61.9973924784
89.7 -61.9174185536
89.8 -61.8382443681
89.9 -61.7598619244
90.0 -61.6822633051
90.1 -61.6054406721
90.2 -61.5293862654
90.3 -61.4540924027
90.4 -61.3795514787
90.5 -61.3057559639
90.6 -61.2326984043
90.7 -61.1603714202
90.8 -61.088767706
90.9 -61.017880029
91.0 -60.9477012287
91.1 -60.8782242164
91.2 -60.8094419742
91.3 -60.7413475545
91.4 -60.6739340789
91.5 -60.6071947381
91.6 -60.5411227908
91.7 -60.4757115629
91.8 -60.4109544472
91.9 -60.3468449028
92.0 -60.2833764537
92.1 -60.2205426892
92.2 -60.1583372623
92.3 -60.0967538897
92.4 -60.0357863508
92.5 -59.9754284873
92.6 -59.9156742024
92.7 -59.8565174604
92.8 -59.7979522858
92.9 -59.7399727629
93.0 -59.6825730353
93.1 -59.6257473049
93.2 -59.5694898319
93.3 -59.5137949336
93.4 -59.4586569842
93.5 -59.4040704144
93.6 -59.3500297102
93.7 -59.2965294131
93.8 -59.243564119
93.9 -59.1911284778
94.0 -59.139217193
94.1 -59.0878250211
94.2 -59.0369467709
94.3 -58.9865773032
94.4 -58.9367115302
94.5 -58.8873444149
94.6 -58.8384709707
94.7 -58.790086261
94.8 -58.7421853984
94.9 -58.6947635444
95.0 -58.647815909
95.1 -58.6013377499
95.2 -58.5553243724
95.3 -58.5097711286
95.4 -58.4646734174
95.5 -58.4200266832
95.6 -58.3758264164
95.7 -58.3320681522
95.8 -58.2887474707
95.9 -58.245859996
96.0 -58.203401396
96.1 -58.161367382
96.2 -58.1197537082
96.3 -58.0785561711
96.4 -58.0377706094
96.5 -57.9973929033
96.6 -57.9574189743
96.7 -57.9178447846
96.8 -57.8786663367
96.9 -57.8398796733
97.0 -57.8014808766
97.1 -57.7634660678
97.2 -57.7258314072
97.3 -57.6885730931
97.4 -57.6516873622
97.5 -57.6151704885
97.6 -57.5790187837
97.7 -57.5432285958
97.8 -57.5077963099
97.9 -57.4727183468
98.0 -57.4379911633
98.1 -57.4036112517
98.2 -57.3695751391
98.3 -57.3358793878
98.4 -57.3025205939
98.5 -57.2694953879
98.6 -57.2368004341
98.7 -57.2044324297
98.8 -57.1723881054
98.9 -57.1406642244
99.0 -57.1092575821
99.1 -57.0781650063
99.2 -57.0473833562
99.3 -57.0169095227
99.4 -56.9867404275
99.5 -56.9568730232
99.6 -56.9273042929
99.7 -56.89803125
99.8 -56.8690509375
99.9 -56.8403604281
100.0 -56.8119568239
100.1 -56.7838372556
100.2 -56.7559988831
100.3 -56.7284388942
100.4 -56.7011545053
100.5 -56.6741429602
100.6 -56.6474015306
100.7 -56.6209275153
100.8 -56.5947182402
100.9 -56.5687710578
101.0 -56.5430833472
101.1 -56.5176525137
101.2 -56.4924759886
101.3 -56.4675512287
101.4 -56.4428757164
101.5 -56.4184469593
101.6 -56.3942624897
101.7 -56.3703198648
101.8 -56.3466166661
101.9 -56.3231504995
102.0 -56.2999189945
102.1 -56.2769198045
102.2 -56.2541506065
102.3 -56.2316091004
102.4 -56.2092930094
102.5 -56.1872000793
102.6 -56.1653280785
102.7 -56.1436747977
102.8 -56.1222380498
102.9 -56.1010156693
103.0 -56.0800055126
103.1 -56.0592054574
103.2 -56.0386134029
103.3 -56.0182272688
103.4 -55.9980449961
103.5 -55.9780645462
103.6 -55.9582839007
103.7 -55.9387010617
103.8 -55.9193140511
103.9 -55.9001209106
104.0 -55.8811197015
104.1 -55.8623085045
104.2 -55.8436854194
104.3 -55.8252485652
104.4 -55.8069960796
104.5 -55.7889261188
104.6 -55.7710368576
104.7 -55.753326489
104.8 -55.7357932241
104.9 -55.7184352919
105.0 -55.701250939
105.1 -55.6842384296
105.2 -55.6673960453
105.3 -55.6507220848
105.4 -55.634214864
105.5 -55.6178727153
105.6 -55.6016939882
105.7 -55.5856770483
105.8 -55.5698202778
105.9 -55.554122075
106.0 -55.5385808543
106.1 -55.5231950457
106.2 -55.5079630953
106.3 -55.4928834643
106.4 -55.4779546297
106.5 -55.4631750834
106.6 -55.4485433326
106.7 -55.4340578992
106.8 -55.4197173202
106.9 -55.405520147
107.0 -55.3914649456
107.1 -55.3775502961
107.2 -55.3637747932
107.3 -55.3501370452
107.4 -55.3366356748
107.5 -55.323269318
107.6 -55.3100366248
107.7 -55.2969362586
107.8 -55.283966896
107.9 -55.271127227
108.0 -55.2584159548
108.1 -55.2458317952
108.2 -55.2333734773
108.3 -55.2210397425
108.4 -55.2088293451
108.5 -55.1967410516
108.6 -55.1847736411
108.7 -55.1729259047
108.8 -55.1611966457
108.9 -55.1495846792
109.0 -55.1380888324
109.1 -55.1267079441
109.2 -55.1154408646
109.3 -55.104286456
109.4 -55.0932435914
109.5 -55.0823111555
109.6 -55.071488044
109.7 -55.0607731635
109.8 -55.0501654319
109.9 -55.0396637776
110.0 -55.0292671398
110.1 -55.0189744684
110.2 -55.0087847237
110.3 0
110.4 -69.84
110.5 -69.6816
110.6 -69.524784
110.7 -69.36953616
110.8 -69.2158407984
110.9 -69.0636823904
111.0 -68.9130455665
111.1 -68.7639151108
111.2 -68.6162759597
111.3 -68.4701132001
111.4 -68.3254120681
111.5 -68.1821579475
111.6 -68.040336368
111.7 -67.8999330043
111.8 -67.7609336743
111.9 -67.6233243375
112.0 -67.4870910941
112.1 -67.3522201832
112.2 -67.2186979814
112.3 -67.0865110016
112.4 -66.9556458915
112.5 -66.8260894326
112.6 -66.6978285383
112.7 -66.5708502529
112.8 -66.4451417504
112.9 -66.3206903329
113.0 -66.1974834296
113.1 -66.0755085953
113.2 -65.9547535093
113.3 -65.8352059742
113.4 -65.7168539145
113.5 -65.5996853753
113.6 -65.4836885216
113.7 -65.3688516364
113.8 -65.25516312
113.9 -65.1426114888
114.0 -65.0311853739
114.1 -64.9208735202
114.2 -64.811664785
114.3 -64.7035481371
114.4 -64.5965126557
114.5 -64.4905475292
114.6 -64.3856420539
114.7 -64.2817856334
114.8 -64.178967777
114.9 -64.0771780993
115.0 -63.9764063183
115.1 -63.8766422551
115.2 -63.7778758325
115.3 -63.6800970742
115.4 -63.5832961035
115.5 -63.4874631424
115.6 -63.392588511
115.7 -63.2986626259
115.8 -63.2056759996
115.9 -63.1136192396
116.0 -63.0224830472
116.1 -62.9322582168
116.2 -62.8429356346
116.3 -62.7545062783
116.4 -62.6669612155
116.5 -62.5802916033
116.6 -62.4944886873
116.7 -62.4095438004
116.8 -62.3254483624
116.9 -62.2421938788
117.0 -62.15977194
117.1 -62.0781742206
117.2 -61.9973924784
117.3 -61.9174185536
117.4 -61.8382443681
117.5 -61.7598619244
117.6 -61.6822633051
117.7 -61.6054406721
117.8 -61.5293862654
117.9 -61.4540924027
118.0 -61.3795514787
118.1 -61.3057559639
118.2 -61.2326984043
118.3 -61.1603714202
118.4 -61.088767706
118.5 -61.017880029
118.6 -60.9477012287
118.7 -60.8782242164
118.8 -60.8094419742
118.9 -60.7413475545
119.0 -60.6739340789
119.1 -60.6071947381
119.2 -60.5411227908
119.3 -60.4757115629
119.4 -60.4109544472
119.5 -60.3468449028
119.6 -60.2833764537
119.7 -60.2205426892
119.8 -60.1583372623
119.9 -60.0967538897
120.0 -60.0357863508
120.1 -59.9754284873
120.2 -59.9156742024
120.3 -59.8565174604
120.4 -59.7979522858
120.5 -59.7399727629
120.6 -59.6825730353
120.7 -59.6257473049
120.8 -59.5694898319
120.9 -59.5137949336
121.0 -59.4586569842
121.1 -59.4040704144
121.2 -59.3500297102
121.3 -59.2965294131
121.4 -59.243564119
121.5 -59.1911284778
121.6 -59.139217193
121.7 -59.0878250211
121.8 -59.0369467709
121.9 -58.9865773032
122.0 -58.9367115302
122.1 -58.8873444149
122.2 -58.8384709707
122.3 -58.790086261
122.4 -58.7421853984
122.5 -58.6947635444
122.6 -58.647815909
122.7 -58.6013377499
122.8 -58.5553243724
122.9 -58.5097711286
123.0 -58.4646734174
123.1 -58.4200266832
123.2 -58.3758264164
123.3 -58.3320681522
123.4 -58.2887474707
123.5 -58.245859996
123.6 -58.203401396
123.7 -58.161367382
123.8 -58.1197537082
123.9 -58.0785561711
124.0 -58.0377706094
124.1 -57.9973929033
124.2 -57.9574189743
124.3 -57.9178447846
124.4 -57.8786663367
124.5 -57.8398796733
124.6 -57.8014808766
124.7 -57.7634660678
124.8 -57.7258314072
124.9 -57.6885730931
125.0 -57.6516873622
125.1 -57.6151704885
125.2 -57.5790187837
125.3 -57.5432285958
125.4 -57.5077963099
125.5 -57.4727183468
125.6 -57.4379911633
125.7 -57.4036112517
125.8 -57.3695751391
125.9 -57.3358793878
126.0 -57.3025205939
126.1 -57.2694953879
126.2 -57.2368004341
126.3 -57.2044324297
126.4 -57.1723881054
126.5 -57.1406642244
126.6 -57.1092575821
126.7 -57.0781650063
126.8 -57.0473833562
126.9 -57.0169095227
127.0 -56.9867404275
127.1 -56.9568730232
127.2 -56.9273042929
127.3 -56.89803125
127.4 -56.8690509375
127.5 -56.8403604281
127.6 -56.8119568239
127.7 -56.7838372556
127.8 -56.7559988831
127.9 -56.7284388942
128.0 -56.7011545053
128.1 -56.6741429602
128.2 -56.6474015306
128.3 -56.6209275153
128.4 -56.5947182402
128.5 -56.5687710578
128.6 -56.5430833472
128.7 -56.5176525137
128.8 -56.4924759886
128.9 -56.4675512287
129.0 -56.4428757164
129.1 -56.4184469593
129.2 -56.3942624897
129.3 -56.3703198648
129.4 -56.3466166661
129.5 -56.3231504995
129.6 -56.2999189945
129.7 -56.2769198045
129.8 -56.2541506065
129.9 -56.2316091004
130.0 -56.2092930094
130.1 -56.1872000793
130.2 -56.1653280785
130.3 -56.1436747977
130.4 -56.1222380498
130.5 -56.1010156693
130.6 -56.0800055126
130.7 -56.0592054574
130.8 -56.0386134029
130.9 -56.0182272688
131.0 -55.9980449961
131.1 -55.9780645462
131.2 -55.9582839007
131.3 -55.9387010617
131.4 -55.9193140511
131.5 -55.9001209106
131.6 -55.8811197015
131.7 -55.8623085045
131.8 -55.8436854194
131.9 -55.8252485652
132.0 -55.8069960796
132.1 -55.7889261188
132.2 -55.7710368576
132.3 -55.753326489
132.4 -55.7357932241
132.5 -55.7184352919
132.6 -55.701250939
132.7 -55.6842384296
132.8 -55.6673960453
132.9 -55.6507220848
133.0 -55.634214864
133.1 -55.6178727153
133.2 -55.6016939882
133.3 -55.5856770483
133.4 -55.5698202778
133.5 -55.554122075
133.6 -55.5385808543
133.7 -55.5231950457
133.8 -55.5079630953
133.9 -55.4928834643
134.0 -55.4779546297
134.1 -55.4631750834
134.2 -55.4485433326
134.3 -55.4340578992
134.4 -55.4197173202
134.5 -55.405520147
134.6 -55.3914649456
134.7 -55.3775502961
134.8 -55.3637747932
134.9 -55.3501370452
135.0 -55.3366356748
135.1 -55.323269318
135.2 -55.3100366248
135.3 -55.2969362586
135.4 -55.283966896
135.5 -55.271127227
135.6 -55.2584159548
135.7 -55.2458317952
135.8 -55.2333734773
135.9 -55.2210397425
136.0 -55.2088293451
136.1 -55.1967410516
136.2 -55.1847736411
136.3 -55.1729259047
136.4 -55.1611966457
136.5 -55.1495846792
136.6 -55.1380888324
136.7 -55.1267079441
136.8 -55.1154408646
136.9 -55.104286456
137.0 -55.0932435914
137.1 -55.0823111555
137.2 -55.071488044
137.3 -55.0607731635
137.4 -55.0501654319
137.5 -55.0396637776
137.6 -55.0292671398
137.7 -55.0189744684
137.8 -55.0087847237
137.9 0
138.0 -69.84
138.1 -69.6816
138.2 -69.524784
138.3 -69.36953616
138.4 -69.2158407984
138.5 -69.0636823904
138.6 -68.9130455665
138.7 -68.7639151108
138.8 -68.6162759597
138.9 -68.4701132001
139.0 -68.3254120681
139.1 -68.1821579475
139.2 -68.040336368
139.3 -67.8999330043
139.4 -67.7609336743
139.5 -67.6233243375
139.6 -67.4870910941
139.7 -67.3522201832
139.8 -67.2186979814
139.9 -67.0865110016
140.0 -66.9556458915
140.1 -66.8260894326
140.2 -66.6978285383
140.3 -66.5708502529
140.4 -66.4451417504
140.5 -66.3206903329
140.6 -66.1974834296
140.7 -66.0755085953
140.8 -65.9547535093
140.9 -65.8352059742
141.0 -65.7168539145
141.1 -65.5996853753
141.2 -65.4836885216
141.3 -65.3688516364
141.4 -65.25516312
141.5 -65.1426114888
141.6 -65.0311853739
141.7 -64.9208735202
141.8 -64.811664785
141.9 -64.7035481371
142.0 -64.5965126557
142.1 -64.4905475292
142.2 -64.3856420539
142.3 -64.2817856334
142.4 -64.178967777
142.5 -64.0771780993
142.6 -63.9764063183
142.7 -63.8766422551
142.8 -63.7778758325
142.9 -63.6800970742
143.0 -63.5832961035
143.1 -63.4874631424
143.2 -63.392588511
143.3 -63.2986626259
143.4 -63.2056759996
143.5 -63.1136192396
143.6 -63.0224830472
143.7 -62.9322582168
143.8 -62.8429356346
143.9 -62.7545062783
144.0 -62.6669612155
144.1 -62.5802916033
144.2 -62.4944886873
144.3 -62.4095438004
144.4 -62.3254483624
144.5 -62.2421938788
144.6 -62.15977194
144.7 -62.0781742206
144.8 -61.9973924784
144.9 -61.9174185536
145.0 -61.8382443681
145.1 -61.7598619244
145.2 -61.6822633051
145.3 -61.6054406721
145.4 -61.5293862654
145.5 -61.4540924027
145.6 -61.3795514787
145.7 -61.3057559639
145.8 -61.2326984043
145.9 -61.1603714202
146.0 -61.088767706
146.1 -61.017880029
146.2 -60.9477012287
146.3 -60.8782242164
146.4 -60.8094419742
146.5 -60.7413475545
146.6 -60.6739340789
146.7 -60.6071947381
146.8 -60.5411227908
146.9 -60.4757115629
147.0 -60.4109544472
147.1 -60.3468449028
147.2 -60.2833764537
147.3 -60.2205426892
147.4 -60.1583372623
147.5 -60.0967538897
147.6 -60.0357863508
147.7 -59.9754284873
147.8 -59.9156742024
147.9 -59.8565174604
148.0 -59.7979522858
148.1 -59.7399727629
148.2 -59.6825730353
148.3 -59.6257473049
148.4 -59.5694898319
148.5 -59.5137949336
148.6 -59.4586569842
148.7 -59.4040704144
148.8 -59.3500297102
148.9 -59.2965294131
149.0 -59.243564119
149.1 -59.1911284778
149.2 -59.139217193
149.3 -59.0878250211
149.4 -59.0369467709
149.5 -58.9865773032
149.6 -58.9367115302
149.7 -58.8873444149
149.8 -58.8384709707
149.9 -58.790086261
150.0 -58.7421853984
150.1 -58.6947635444
150.2 -58.647815909
150.3 -58.6013377499
150.4 -58.5553243724
150.5 -58.5097711286
150.6 -58.4646734174
150.7 -58.4200266832
150.8 -58.3758264164
150.9 -58.3320681522
151.0 -58.2887474707
151.1 -58.245859996
151.2 -58.203401396
151.3 -58.161367382
151.4 -58.1197537082
151.5 -58.0785561711
151.6 -58.0377706094
151.7 -57.9973929033
151.8 -57.9574189743
151.9 -57.9178447846
152.0 -57.8786663367
152.1 -57.8398796733
152.2 -57.8014808766
152.3 -57.7634660678
152.4 -57.7258314072
152.5 -57.6885730931
152.6 -57.6516873622
152.7 -57.6151704885
152.8 -57.5790187837
152.9 -57.5432285958
153.0 -57.5077963099
153.1 -57.4727183468
153.2 -57.4379911633
153.3 -57.4036112517
153.4 -57.3695751391
153.5 -57.3358793878
153.6 -57.3025205939
153.7 -57.2694953879
153.8 -57.2368004341
153.9 -57.2044324297
154.0 -57.1723881054
154.1 -57.1406642244
154.2 -57.1092575821
154.3 -57.0781650063
154.4 -57.0473833562
154.5 -57.0169095227
154.6 -56.9867404275
154.7 -56.9568730232
154.8 -56.9273042929
154.9 -56.89803125
155.0 -56.8690509375
155.1 -56.8403604281
155.2 -56.8119568239
155.3 -56.7838372556
155.4 -56.7559988831
155.5 -56.7284388942
155.6 -56.7011545053
155.7 -56.6741429602
155.8 -56.6474015306
155.9 -56.6209275153
156.0 -56.5947182402
156.1 -56.5687710578
156.2 -56.5430833472
156.3 -56.5176525137
156.4 -56.4924759886
156.5 -56.4675512287
156.6 -56.4428757164
156.7 -56.4184469593
156.8 -56.3942624897
156.9 -56.3703198648
157.0 -56.3466166661
157.1 -56.3231504995
157.2 -56.2999189945
157.3 -56.2769198045
157.4 -56.2541506065
157.5 -56.2316091004
157.6 -56.2092930094
157.7 -56.1872000793
157.8 -56.1653280785
157.9 -56.1436747977
158.0 -56.1222380498
158.1 -56.1010156693
158.2 -56.0800055126
158.3 -56.0592054574
158.4 -56.0386134029
158.5 -56.0182272688
158.6 -55.9980449961
158.7 -55.9780645462
158.8 -55.9582839007
158.9 -55.9387010617
159.0 -55.9193140511
159.1 -55.9001209106
159.2 -55.8811197015
159.3 -55.8623085045
159.4 -55.8436854194
159.5 -55.8252485652
159.6 -55.8069960796
159.7 -55.7889261188
159.8 -55.7710368576
159.9 -55.753326489
160.0 -55.7357932241
160.1 -55.7184352919
160.2 -55.701250939
160.3 -55.6842384296
160.4 -55.6673960453
160.5 -55.6507220848
160.6 -55.634214864
160.7 -55.6178727153
160.8 -55.6016939882
160.9 -55.5856770483
161.0 -55.5698202778
161.1 -55.554122075
161.2 -55.5385808543
161.3 -55.5231950457
161.4 -55.5079630953
161.5 -55.4928834643
161.6 -55.4779546297
161.7 -55.4631750834
161.8 -55.4485433326
161.9 -55.4340578992
162.0 -55.4197173202
162.1 -55.405520147
162.2 -55.3914649456
162.3 -55.3775502961
162.4 -55.3637747932
162.5 -55.3501370452
162.6 -55.3366356748
162.7 -55.323269318
162.8 -55.3100366248
162.9 -55.2969362586
163.0 -55.283966896
163.1 -55.271127227
163.2 -55.2584159548
163.3 -55.2458317952
163.4 -55.2333734773
163.5 -55.2210397425
163.6 -55.2088293451
163.7 -55.1967410516
163.8 -55.1847736411
163.9 -55.1729259047
164.0 -55.1611966457
164.1 -55.1495846792
164.2 -55.1380888324
164.3 -55.1267079441
164.4 -55.1154408646
164.5 -55.104286456
164.6 -55.0932435914
164.7 -55.0823111555
164.8 -55.071488044
164.9 -55.0607731635
165.0 -55.0501654319
165.1 -55.0396637776
165.2 -55.0292671398
165.3 -55.0189744684
165.4 -55.0087847237
165.5 0
165.6 -69.84
165.7 -69.6816
165.8 -69.524784
165.9 -69.36953616
166.0 -69.2158407984
166.1 -69.0636823904
166.2 -68.9130455665
166.3 -68.7639151108
166.4 -68.6162759597
166.5 -68.4701132001
166.6 -68.3254120681
166.7 -68.1821579475
166.8 -68.040336368
166.9 -67.8999330043
167.0 -67.7609336743
167.1 -67.6233243375
167.2 -67.4870910941
167.3 -67.3522201832
167.4 -67.2186979814
167.5 -67.0865110016
167.6 -66.9556458915
167.7 -66.8260894326
167.8 -66.6978285383
167.9 -66.5708502529
168.0 -66.4451417504
168.1 -66.3206903329
168.2 -66.1974834296
168.3 -66.0755085953
168.4 -65.9547535093
168.5 -65.8352059742
168.6 -65.7168539145
168.7 -65.5996853753
168.8 -65.4836885216
168.9 -65.3688516364
169.0 -65.25516312
169.1 -65.1426114888
169.2 -65.0311853739
169.3 -64.9208735202
169.4 -64.811664785
169.5 -64.7035481371
169.6 -64.5965126557
169.7 -64.4905475292
169.8 -64.3856420539
169.9 -64.2817856334
170.0 -64.178967777
170.1 -64.0771780993
170.2 -63.9764063183
170.3 -63.8766422551
170.4 -63.7778758325
170.5 -63.6800970742
170.6 -63.5832961035
170.7 -63.4874631424
170.8 -63.392588511
170.9 -63.2986626259
171.0 -63.2056759996
171.1 -63.1136192396
171.2 -63.0224830472
171.3 -62.9322582168
171.4 -62.8429356346
171.5 -62.7545062783
171.6 -62.6669612155
171.7 -62.5802916033
171.8 -62.4944886873
171.9 -62.4095438004
172.0 -62.3254483624
172.1 -62.2421938788
172.2 -62.15977194
172.3 -62.0781742206
172.4 -61.9973924784
172.5 -61.9174185536
172.6 -61.8382443681
172.7 -61.7598619244
172.8 -61.6822633051
172.9 -61.6054406721
173.0 -61.5293862654
173.1 -61.4540924027
173.2 -61.3795514787
173.3 -61.3057559639
173.4 -61.2326984043
173.5 -61.1603714202
173.6 -61.088767706
173.7 -61.017880029
173.8 -60.9477012287
173.9 -60.8782242164
174.0 -60.8094419742
174.1 -60.7413475545
174.2 -60.6739340789
174.3 -60.6071947381
174.4 -60.5411227908
174.5 -60.4757115629
174.6 -60.4109544472
174.7 -60.3468449028
174.8 -60.2833764537
174.9 -60.2205426892
175.0 -60.1583372623
175.1 -60.0967538897
175.2 -60.0357863508
175.3 -59.9754284873
175.4 -59.9156742024
175.5 -59.8565174604
175.6 -59.7979522858
175.7 -59.7399727629
175.8 -59.6825730353
175.9 -59.6257473049
176.0 -59.5694898319
176.1 -59.5137949336
176.2 -59.4586569842
176.3 -59.4040704144
176.4 -59.3500297102
176.5 -59.2965294131
176.6 -59.243564119
176.7 -59.1911284778
176.8 -59.139217193
176.9 -59.0878250211
177.0 -59.0369467709
177.1 -58.9865773032
177.2 -58.9367115302
177.3 -58.8873444149
177.4 -58.8384709707
177.5 -58.790086261
177.6 -58.7421853984
177.7 -58.6947635444
177.8 -58.647815909
177.9 -58.6013377499
178.0 -58.5553243724
178.1 -58.5097711286
178.2 -58.4646734174
178.3 -58.4200266832
178.4 -58.3758264164
178.5 -58.3320681522
178.6 -58.2887474707
178.7 -58.245859996
178.8 -58.203401396
178.9 -58.161367382
179.0 -58.1197537082
179.1 -58.0785561711
179.2 -58.0377706094
179.3 -57.9973929033
179.4 -57.9574189743
179.5 -57.9178447846
179.6 -57.8786663367
179.7 -57.8398796733
179.8 -57.8014808766
179.9 -57.7634660678
180.0 -57.7258314072
180.1 -57.6885730931
180.2 -57.6516873622
180.3 -57.6151704885
180.4 -57.5790187837
180.5 -57.5432285958
180.6 -57.5077963099
180.7 -57.4727183468
180.8 -57.4379911633
180.9 -57.4036112517
181.0 -57.3695751391
181.1 -57.3358793878
181.2 -57.3025205939
181.3 -57.2694953879
181.4 -57.2368004341
181.5 -57.2044324297
181.6 -57.1723881054
181.7 -57.1406642244
181.8 -57.1092575821
181.9 -57.0781650063
182.0 -57.0473833562
182.1 -57.0169095227
182.2 -56.9867404275
182.3 -56.9568730232
182.4 -56.9273042929
182.5 -56.89803125
182.6 -56.8690509375
182.7 -56.8403604281
182.8 -56.8119568239
182.9 -56.7838372556
183.0 -56.7559988831
183.1 -56.7284388942
183.2 -56.7011545053
183.3 -56.6741429602
183.4 -56.6474015306
183.5 -56.6209275153
183.6 -56.5947182402
183.7 -56.5687710578
183.8 -56.5430833472
183.9 -56.5176525137
184.0 -56.4924759886
184.1 -56.4675512287
184.2 -56.4428757164
184.3 -56.4184469593
184.4 -56.3942624897
184.5 -56.3703198648
184.6 -56.3466166661
184.7 -56.3231504995
184.8 -56.2999189945
184.9 -56.2769198045
185.0 -56.2541506065
185.1 -56.2316091004
185.2 -56.2092930094
185.3 -56.1872000793
185.4 -56.1653280785
185.5 -56.1436747977
185.6 -56.1222380498
185.7 -56.1010156693
185.8 -56.0800055126
185.9 -56.0592054574
186.0 -56.0386134029
186.1 -56.0182272688
186.2 -55.9980449961
186.3 -55.9780645462
186.4 -55.9582839007
186.5 -55.9387010617
186.6 -55.9193140511
186.7 -55.9001209106
186.8 -55.8811197015
186.9 -55.8623085045
187.0 -55.8436854194
187.1 -55.8252485652
187.2 -55.8069960796
187.3 -55.7889261188
187.4 -55.7710368576
187.5 -55.753326489
187.6 -55.7357932241
187.7 -55.7184352919
187.8 -55.701250939
187.9 -55.6842384296
188.0 -55.6673960453
188.1 -55.6507220848
188.2 -55.634214864
188.3 -55.6178727153
188.4 -55.6016939882
188.5 -55.5856770483
188.6 -55.5698202778
188.7 -55.554122075
188.8 -55.5385808543
188.9 -55.5231950457
189.0 -55.5079630953
189.1 -55.4928834643
189.2 -55.4779546297
189.3 -55.4631750834
189.4 -55.4485433326
189.5 -55.4340578992
189.6 -55.4197173202
189.7 -55.405520147
189.8 -55.3914649456
189.9 -55.3775502961
190.0 -55.3637747932
190.1 -55.3501370452
190.2 -55.3366356748
190.3 -55.323269318
190.4 -55.3100366248
190.5 -55.2969362586
190.6 -55.283966896
190.7 -55.271127227
190.8 -55.2584159548
190.9 -55.2458317952
191.0 -55.2333734773
191.1 -55.2210397425
191.2 -55.2088293451
191.3 -55.1967410516
191.4 -55.1847736411
191.5 -55.1729259047
191.6 -55.1611966457
191.7 -55.1495846792
191.8 -55.1380888324
191.9 -55.1267079441
192.0 -55.1154408646
192.1 -55.104286456
192.2 -55.0932435914
192.3 -55.0823111555
192.4 -55.071488044
192.5 -55.0607731635
192.6 -55.0501654319
192.7 -55.0396637776
192.8 -55.0292671398
192.9 -55.0189744684
193.0 -55.0087847237
193.1 0
193.2 -69.84
193.3 -69.6816
193.4 -69.524784
193.5 -69.36953616
193.6 -69.2158407984
193.7 -69.0636823904
193.8 -68.9130455665
193.9 -68.7639151108
194.0 -68.6162759597
194.1 -68.4701132001
194.2 -68.3254120681
194.3 -68.1821579475
194.4 -68.040336368
194.5 -67.8999330043
194.6 -67.7609336743
194.7 -67.6233243375
194.8 -67.4870910941
194.9 -67.3522201832
195.0 -67.2186979814
195.1 -67.0865110016
195.2 -66.9556458915
195.3 -66.8260894326
195.4 -66.6978285383
195.5 -66.5708502529
195.6 -66.4451417504
195.7 -66.3206903329
195.8 -66.1974834296
195.9 -66.0755085953
196.0 -65.9547535093
196.1 -65.8352059742
196.2 -65.7168539145
196.3 -65.5996853753
196.4 -65.4836885216
196.5 -65.3688516364
196.6 -65.25516312
196.7 -65.1426114888
196.8 -65.0311853739
196.9 -64.9208735202
197.0 -64.811664785
197.1 -64.7035481371
197.2 -64.5965126557
197.3 -64.4905475292
197.4 -64.3856420539
197.5 -64.2817856334
197.6 -64.178967777
197.7 -64.0771780993
197.8 -63.9764063183
197.9 -63.8766422551
198.0 -63.7778758325
198.1 -63.6800970742
198.2 -63.5832961035
198.3 -63.4874631424
198.4 -63.392588511
198.5 -63.2986626259
198.6 -63.2056759996
198.7 -63.1136192396
198.8 -63.0224830472
198.9 -62.9322582168
199.0 -62.8429356346
199.1 -62.7545062783
199.2 -62.6669612155
199.3 -62.5802916033
199.4 -62.4944886873
199.5 -62.4095438004
199.6 -62.3254483624
199.7 -62.2421938788
199.8 -62.15977194
199.9 -62.0781742206
200.0 -61.9973924784
200.1 -61.9174185536
200.2 -61.8382443681
200.3 -61.7598619244
200.4 -61.6822633051
200.5 -61.6054406721
200.6 -61.5293862654
200.7 -61.4540924027
200.8 -61.3795514787
200.9 -61.3057559639
201.0 -61.2326984043
201.1 -61.1603714202
201.2 -61.088767706
201.3 -61.017880029
201.4 -60.9477012287
201.5 -60.8782242164
201.6 -60.8094419742
201.7 -60.7413475545
201.8 -60.6739340789
201.9 -60.6071947381
202.0 -60.5411227908
202.1 -60.4757115629
202.2 -60.4109544472
202.3 -60.3468449028
202.4 -60.2833764537
202.5 -60.2205426892
202.6 -60.1583372623
202.7 -60.0967538897
202.8 -60.0357863508
202.9 -59.9754284873
203.0 -59.9156742024
203.1 -59.8565174604
203.2 -59.7979522858
203.3 -59.7399727629
203.4 -59.6825730353
203.5 -59.6257473049
203.6 -59.5694898319
203.7 -59.5137949336
203.8 -59.4586569842
203.9 -59.4040704144
204.0 -59.3500297102
204.1 -59.2965294131
204.2 -59.243564119
204.3 -59.1911284778
204.4 -59.139217193
204.5 -59.0878250211
204.6 -59.0369467709
204.7 -58.9865773032
204.8 -58.9367115302
204.9 -58.8873444149
205.0 -58.8384709707
205.1 -58.790086261
205.2 -58.7421853984
205.3 -58.6947635444
205.4 -58.647815909
205.5 -58.6013377499
205.6 -58.5553243724
205.7 -58.5097711286
205.8 -58.4646734174
205.9 -58.4200266832
206.0 -58.3758264164
206.1 -58.3320681522
206.2 -58.2887474707
206.3 -58.245859996
206.4 -58.203401396
206.5 -58.161367382
206.6 -58.1197537082
206.7 -58.0785561711
206.8 -58.0377706094
206.9 -57.9973929033
207.0 -57.9574189743
207.1 -57.9178447846
207.2 -57.8786663367
207.3 -57.8398796733
207.4 -57.8014808766
207.5 -57.7634660678
207.6 -57.7258314072
207.7 -57.6885730931
207.8 -57.6516873622
207.9 -57.6151704885
208.0 -57.5790187837
208.1 -57.5432285958
208.2 -57.5077963099
208.3 -57.4727183468
208.4 -57.4379911633
208.5 -57.4036112517
208.6 -57.3695751391
208.7 -57.3358793878
208.8 -57.3025205939
208.9 -57.2694953879
209.0 -57.2368004341
209.1 -57.2044324297
209.2 -57.1723881054
209.3 -57.1406642244
209.4 -57.1092575821
209.5 -57.0781650063
209.6 -57.0473833562
209.7 -57.0169095227
209.8 -56.9867404275
209.9 -56.9568730232
210.0 -56.9273042929
210.1 -56.89803125
210.2 -56.8690509375
210.3 -56.8403604281
210.4 -56.8119568239
210.5 -56.7838372556
210.6 -56.7559988831
210.7 -56.7284388942
210.8 -56.7011545053
210.9 -56.6741429602
211.0 -56.6474015306
211.1 -56.6209275153
211.2 -56.5947182402
211.3 -56.5687710578
211.4 -56.5430833472
211.5 -56.5176525137
211.6 -56.4924759886
211.7 -56.4675512287
211.8 -56.4428757164
211.9 -56.4184469593
212.0 -56.3942624897
212.1 -56.3703198648
212.2 -56.3466166661
212.3 -56.3231504995
212.4 -56.2999189945
212.5 -56.2769198045
212.6 -56.2541506065
212.7 -56.2316091004
212.8 -56.2092930094
212.9 -56.1872000793
213.0 -56.1653280785
213.1 -56.1436747977
213.2 -56.1222380498
213.3 -56.1010156693
213.4 -56.0800055126
213.5 -56.0592054574
213.6 -56.0386134029
213.7 -56.0182272688
213.8 -55.9980449961
213.9 -55.9780645462
214.0 -55.9582839007
214.1 -55.9387010617
214.2 -55.9193140511
214.3 -55.9001209106
214.4 -55.8811197015
214.5 -55.8623085045
214.6 -55.8436854194
214.7 -55.8252485652
214.8 -55.8069960796
214.9 -55.7889261188
215.0 -55.7710368576
215.1 -55.753326489
215.2 -55.7357932241
215.3 -55.7184352919
215.4 -55.701250939
215.5 -55.6842384296
215.6 -55.6673960453
215.7 -55.6507220848
215.8 -55.634214864
215.9 -55.6178727153
216.0 -55.6016939882
216.1 -55.5856770483
216.2 -55.5698202778
216.3 -55.554122075
216.4 -55.5385808543
216.5 -55.5231950457
216.6 -55.5079630953
216.7 -55.4928834643
216.8 -55.4779546297
216.9 -55.4631750834
217.0 -55.4485433326
217.1 -55.4340578992
217.2 -55.4197173202
217.3 -55.405520147
217.4 -55.3914649456
217.5 -55.3775502961
217.6 -55.3637747932
217.7 -55.3501370452
217.8 -55.3366356748
217.9 -55.323269318
218.0 -55.3100366248
218.1 -55.2969362586
218.2 -55.283966896
218.3 -55.271127227
218.4 -55.2584159548
218.5 -55.2458317952
218.6 -55.2333734773
218.7 -55.2210397425
218.8 -55.2088293451
218.9 -55.1967410516
219.0 -55.1847736411
219.1 -55.1729259047
219.2 -55.1611966457
219.3 -55.1495846792
219.4 -55.1380888324
219.5 -55.1267079441
219.6 -55.1154408646
219.7 -55.104286456
219.8 -55.0932435914
219.9 -55.0823111555
220.0 -55.071488044
220.1 -55.0607731635
220.2 -55.0501654319
220.3 -55.0396637776
220.4 -55.0292671398
220.5 -55.0189744684
220.6 -55.0087847237
220.7 0
220.8 -69.84
220.9 -69.6816
221.0 -69.524784
221.1 -69.36953616
221.2 -69.2158407984
221.3 -69.0636823904
221.4 -68.9130455665
221.5 -68.7639151108
221.6 -68.6162759597
221.7 -68.4701132001
221.8 -68.3254120681
221.9 -68.1821579475
222.0 -68.040336368
222.1 -67.8999330043
222.2 -67.7609336743
222.3 -67.6233243375
222.4 -67.4870910941
222.5 -67.3522201832
222.6 -67.2186979814
222.7 -67.0865110016
222.8 -66.9556458915
222.9 -66.8260894326
223.0 -66.6978285383
223.1 -66.5708502529
223.2 -66.4451417504
223.3 -66.3206903329
223.4 -66.1974834296
223.5 -66.0755085953
223.6 -65.9547535093
223.7 -65.8352059742
223.8 -65.7168539145
223.9 -65.5996853753
224.0 -65.4836885216
224.1 -65.3688516364
224.2 -65.25516312
224.3 -65.1426114888
224.4 -65.0311853739
224.5 -64.9208735202
224.6 -64.811664785
224.7 -64.7035481371
224.8 -64.5965126557
224.9 -64.4905475292
225.0 -64.3856420539
225.1 -64.2817856334
225.2 -64.178967777
225.3 -64.0771780993
225.4 -63.9764063183
225.5 -63.8766422551
225.6 -63.7778758325
225.7 -63.6800970742
225.8 -63.5832961035
225.9 -63.4874631424
226.0 -63.392588511
226.1 -63.2986626259
226.2 -63.2056759996
226.3 -63.1136192396
226.4 -63.0224830472
226.5 -62.9322582168
226.6 -62.8429356346
226.7 -62.7545062783
226.8 -62.6669612155
226.9 -62.5802916033
227.0 -62.4944886873
227.1 -62.4095438004
227.2 -62.3254483624
227.3 -62.2421938788
227.4 -62.15977194
227.5 -62.0781742206
227.6 -61.9973924784
227.7 -61.9174185536
227.8 -61.8382443681
227.9 -61.7598619244
228.0 -61.6822633051
228.1 -61.6054406721
228.2 -61.5293862654
228.3 -61.4540924027
228.4 -61.3795514787
228.5 -61.3057559639
228.6 -61.2326984043
228.7 -61.1603714202
228.8 -61.088767706
228.9 -61.017880029
229.0 -60.9477012287
229.1 -60.8782242164
229.2 -60.8094419742
229.3 -60.7413475545
229.4 -60.6739340789
229.5 -60.6071947381
229.6 -60.5411227908
229.7 -60.4757115629
229.8 -60.4109544472
229.9 -60.3468449028
230.0 -60.2833764537
230.1 -60.2205426892
230.2 -60.1583372623
230.3 -60.0967538897
230.4 -60.0357863508
230.5 -59.9754284873
230.6 -59.9156742024
230.7 -59.8565174604
230.8 -59.7979522858
230.9 -59.7399727629
231.0 -59.6825730353
231.1 -59.6257473049
231.2 -59.5694898319
231.3 -59.5137949336
231.4 -59.4586569842
231.5 -59.4040704144
231.6 -59.3500297102
231.7 -59.2965294131
231.8 -59.243564119
231.9 -59.1911284778
232.0 -59.139217193
232.1 -59.0878250211
232.2 -59.0369467709
232.3 -58.9865773032
232.4 -58.9367115302
232.5 -58.8873444149
232.6 -58.8384709707
232.7 -58.790086261
232.8 -58.7421853984
232.9 -58.6947635444
233.0 -58.647815909
233.1 -58.6013377499
233.2 -58.5553243724
233.3 -58.5097711286
233.4 -58.4646734174
233.5 -58.4200266832
233.6 -58.3758264164
233.7 -58.3320681522
233.8 -58.2887474707
233.9 -58.245859996
234.0 -58.203401396
234.1 -58.161367382
234.2 -58.1197537082
234.3 -58.0785561711
234.4 -58.0377706094
234.5 -57.9973929033
234.6 -57.9574189743
234.7 -57.9178447846
234.8 -57.8786663367
234.9 -57.8398796733
235.0 -57.8014808766
235.1 -57.7634660678
235.2 -57.7258314072
235.3 -57.6885730931
235.4 -57.6516873622
235.5 -57.6151704885
235.6 -57.5790187837
235.7 -57.5432285958
235.8 -57.5077963099
235.9 -57.4727183468
236.0 -57.4379911633
236.1 -57.4036112517
236.2 -57.3695751391
236.3 -57.3358793878
236.4 -57.3025205939
236.5 -57.2694953879
236.6 -57.2368004341
236.7 -57.2044324297
236.8 -57.1723881054
236.9 -57.1406642244
237.0 -57.1092575821
237.1 -57.0781650063
237.2 -57.0473833562
237.3 -57.0169095227
237.4 -56.9867404275
237.5 -56.9568730232
237.6 -56.9273042929
237.7 -56.89803125
237.8 -56.8690509375
237.9 -56.8403604281
238.0 -56.8119568239
238.1 -56.7838372556
238.2 -56.7559988831
238.3 -56.7284388942
238.4 -56.7011545053
238.5 -56.6741429602
238.6 -56.6474015306
238.7 -56.6209275153
238.8 -56.5947182402
238.9 -56.5687710578
239.0 -56.5430833472
239.1 -56.5176525137
239.2 -56.4924759886
239.3 -56.4675512287
239.4 -56.4428757164
239.5 -56.4184469593
239.6 -56.3942624897
239.7 -56.3703198648
239.8 -56.3466166661
239.9 -56.3231504995
240.0 -56.2999189945
240.1 -56.2769198045
240.2 -56.2541506065
240.3 -56.2316091004
240.4 -56.2092930094
240.5 -56.1872000793
240.6 -56.1653280785
240.7 -56.1436747977
240.8 -56.1222380498
240.9 -56.1010156693
241.0 -56.0800055126
241.1 -56.0592054574
241.2 -56.0386134029
241.3 -56.0182272688
241.4 -55.9980449961
241.5 -55.9780645462
241.6 -55.9582839007
241.7 -55.9387010617
241.8 -55.9193140511
241.9 -55.9001209106
242.0 -55.8811197015
242.1 -55.8623085045
242.2 -55.8436854194
242.3 -55.8252485652
242.4 -55.8069960796
242.5 -55.7889261188
242.6 -55.7710368576
242.7 -55.753326489
242.8 -55.7357932241
242.9 -55.7184352919
243.0 -55.701250939
243.1 -55.6842384296
243.2 -55.6673960453
243.3 -55.6507220848
243.4 -55.634214864
243.5 -55.6178727153
243.6 -55.6016939882
243.7 -55.5856770483
243.8 -55.5698202778
243.9 -55.554122075
244.0 -55.5385808543
244.1 -55.5231950457
244.2 -55.5079630953
244.3 -55.4928834643
244.4 -55.4779546297
244.5 -55.4631750834
244.6 -55.4485433326
244.7 -55.4340578992
244.8 -55.4197173202
244.9 -55.405520147
245.0 -55.3914649456
245.1 -55.3775502961
245.2 -55.3637747932
245.3 -55.3501370452
245.4 -55.3366356748
245.5 -55.323269318
245.6 -55.3100366248
245.7 -55.2969362586
245.8 -55.283966896
245.9 -55.271127227
246.0 -55.2584159548
246.1 -55.2458317952
246.2 -55.2333734773
246.3 -55.2210397425
246.4 -55.2088293451
246.5 -55.1967410516
246.6 -55.1847736411
246.7 -55.1729259047
246.8 -55.1611966457
246.9 -55.1495846792
247.0 -55.1380888324
247.1 -55.1267079441
247.2 -55.1154408646
247.3 -55.104286456
247.4 -55.0932435914
247.5 -55.0823111555
247.6 -55.071488044
247.7 -55.0607731635
247.8 -55.0501654319
247.9 -55.0396637776
248.0 -55.0292671398
248.1 -55.0189744684
248.2 -55.0087847237
248.3 0
248.4 -69.84
248.5 -69.6816
248.6 -69.524784
248.7 -69.36953616
248.8 -69.2158407984
248.9 -69.0636823904
249.0 -68.9130455665
249.1 -68.7639151108
249.2 -68.6162759597
249.3 -68.4701132001
249.4 -68.3254120681
249.5 -68.1821579475
249.6 -68.040336368
249.7 -67.8999330043
249.8 -67.7609336743
249.9 -67.6233243375
250.0 -67.4870910941
250.1 -67.3522201832
250.2 -67.2186979814
250.3 -67.0865110016
250.4 -66.9556458915
250.5 -66.8260894326
250.6 -66.6978285383
250.7 -66.5708502529
250.8 -66.4451417504
250.9 -66.3206903329
251.0 -66.1974834296
251.1 -66.0755085953
251.2 -65.9547535093
251.3 -65.8352059742
251.4 -65.7168539145
251.5 -65.5996853753
251.6 -65.4836885216
251.7 -65.3688516364
251.8 -65.25516312
251.9 -65.1426114888
252.0 -65.0311853739
252.1 -64.9208735202
252.2 -64.811664785
252.3 -64.7035481371
252.4 -64.5965126557
252.5 -64.4905475292
252.6 -64.3856420539
252.7 -64.2817856334
252.8 -64.178967777
252.9 -64.0771780993
253.0 -63.9764063183
253.1 -63.8766422551
253.2 -63.7778758325
253.3 -63.6800970742
253.4 -63.5832961035
253.5 -63.4874631424
253.6 -63.392588511
253.7 -63.2986626259
253.8 -63.2056759996
253.9 -63.1136192396
254.0 -63.0224830472
254.1 -62.9322582168
254.2 -62.8429356346
254.3 -62.7545062783
254.4 -62.6669612155
254.5 -62.5802916033
254.6 -62.4944886873
254.7 -62.4095438004
254.8 -62.3254483624
254.9 -62.2421938788
255.0 -62.15977194
255.1 -62.0781742206
255.2 -61.9973924784
255.3 -61.9174185536
255.4 -61.8382443681
255.5 -61.7598619244
255.6 -61.6822633051
255.7 -61.6054406721
255.8 -61.5293862654
255.9 -61.4540924027
256.0 -61.3795514787
256.1 -61.3057559639
256.2 -61.2326984043
256.3 -61.1603714202
256.4 -61.088767706
256.5 -61.017880029
256.6 -60.9477012287
256.7 -60.8782242164
256.8 -60.8094419742
256.9 -60.7413475545
257.0 -60.6739340789
257.1 -60.6071947381
257.2 -60.5411227908
257.3 -60.4757115629
257.4 -60.4109544472
257.5 -60.3468449028
257.6 -60.2833764537
257.7 -60.2205426892
257.8 -60.1583372623
257.9 -60.0967538897
258.0 -60.0357863508
258.1 -59.9754284873
258.2 -59.9156742024
258.3 -59.8565174604
258.4 -59.7979522858
258.5 -59.7399727629
258.6 -59.6825730353
258.7 -59.6257473049
258.8 -59.5694898319
258.9 -59.5137949336
259.0 -59.4586569842
259.1 -59.4040704144
259.2 -59.3500297102
259.3 -59.2965294131
259.4 -59.243564119
259.5 -59.1911284778
259.6 -59.139217193
259.7 -59.0878250211
259.8 -59.0369467709
259.9 -58.9865773032
260.0 -58.9367115302
260.1 -58.8873444149
260.2 -58.8384709707
260.3 -58.790086261
260.4 -58.7421853984
260.5 -58.6947635444
260.6 -58.647815909
260.7 -58.6013377499
260.8 -58.5553243724
260.9 -58.5097711286
261.0 -58.4646734174
261.1 -58.4200266832
261.2 -58.3758264164
261.3 -58.3320681522
261.4 -58.2887474707
261.5 -58.245859996
261.6 -58.203401396
261.7 -58.161367382
261.8 -58.1197537082
261.9 -58.0785561711
262.0 -58.0377706094
262.1 -57.9973929033
262.2 -57.9574189743
262.3 -57.9178447846
262.4 -57.8786663367
262.5 -57.8398796733
262.6 -57.8014808766
262.7 -57.7634660678
262.8 -57.7258314072
262.9 -57.6885730931
263.0 -57.6516873622
263.1 -57.6151704885
263.2 -57.5790187837
263.3 -57.5432285958
263.4 -57.5077963099
263.5 -57.4727183468
263.6 -57.4379911633
263.7 -57.4036112517
263.8 -57.3695751391
263.9 -57.3358793878
264.0 -57.3025205939
264.1 -57.2694953879
264.2 -57.2368004341
264.3 -57.2044324297
264.4 -57.1723881054
264.5 -57.1406642244
264.6 -57.1092575821
264.7 -57.0781650063
264.8 -57.0473833562
264.9 -57.0169095227
265.0 -56.9867404275
265.1 -56.9568730232
265.2 -56.9273042929
265.3 -56.89803125
265.4 -56.8690509375
265.5 -56.8403604281
265.6 -56.8119568239
265.7 -56.7838372556
265.8 -56.7559988831
265.9 -56.7284388942
266.0 -56.7011545053
266.1 -56.6741429602
266.2 -56.6474015306
266.3 -56.6209275153
266.4 -56.5947182402
266.5 -56.5687710578
266.6 -56.5430833472
266.7 -56.5176525137
266.8 -56.4924759886
266.9 -56.4675512287
267.0 -56.4428757164
267.1 -56.4184469593
267.2 -56.3942624897
267.3 -56.3703198648
267.4 -56.3466166661
267.5 -56.3231504995
267.6 -56.2999189945
267.7 -56.2769198045
267.8 -56.2541506065
267.9 -56.2316091004
268.0 -56.2092930094
268.1 -56.1872000793
268.2 -56.1653280785
268.3 -56.1436747977
268.4 -56.1222380498
268.5 -56.1010156693
268.6 -56.0800055126
268.7 -56.0592054574
268.8 -56.0386134029
268.9 -56.0182272688
269.0 -55.9980449961
269.1 -55.9780645462
269.2 -55.9582839007
269.3 -55.9387010617
269.4 -55.9193140511
269.5 -55.9001209106
269.6 -55.8811197015
269.7 -55.8623085045
269.8 -55.8436854194
269.9 -55.8252485652
270.0 -55.8069960796
270.1 -55.7889261188
270.2 -55.7710368576
270.3 -55.753326489
270.4 -55.7357932241
270.5 -55.7184352919
270.6 -55.701250939
270.7 -55.6842384296
270.8 -55.6673960453
270.9 -55.6507220848
271.0 -55.634214864
271.1 -55.6178727153
271.2 -55.6016939882
271.3 -55.5856770483
271.4 -55.5698202778
271.5 -55.554122075
271.6 -55.5385808543
271.7 -55.5231950457
271.8 -55.5079630953
271.9 -55.4928834643
272.0 -55.4779546297
272.1 -55.4631750834
272.2 -55.4485433326
272.3 -55.4340578992
272.4 -55.4197173202
272.5 -55.405520147
272.6 -55.3914649456
272.7 -55.3775502961
272.8 -55.3637747932
272.9 -55.3501370452
273.0 -55.3366356748
273.1 -55.323269318
273.2 -55.3100366248
273.3 -55.2969362586
273.4 -55.283966896
273.5 -55.271127227
273.6 -55.2584159548
273.7 -55.2458317952
273.8 -55.2333734773
273.9 -55.2210397425
274.0 -55.2088293451
274.1 -55.1967410516
274.2 -55.1847736411
274.3 -55.1729259047
274.4 -55.1611966457
274.5 -55.1495846792
274.6 -55.1380888324
274.7 -55.1267079441
274.8 -55.1154408646
274.9 -55.104286456
275.0 -55.0932435914
275.1 -55.0823111555
275.2 -55.071488044
275.3 -55.0607731635
275.4 -55.0501654319
275.5 -55.0396637776
275.6 -55.0292671398
275.7 -55.0189744684
275.8 -55.0087847237
275.9 0
276.0 -69.84
276.1 -69.6816
276.2 -69.524784
276.3 -69.36953616
276.4 -69.2158407984
276.5 -69.0636823904
276.6 -68.9130455665
276.7 -68.7639151108
276.8 -68.6162759597
276.9 -68.4701132001
277.0 -68.3254120681
277.1 -68.1821579475
277.2 -68.040336368
277.3 -67.8999330043
277.4 -67.7609336743
277.5 -67.6233243375
277.6 -67.4870910941
277.7 -67.3522201832
277.8 -67.2186979814
277.9 -67.0865110016
278.0 -66.9556458915
278.1 -66.8260894326
278.2 -66.6978285383
278.3 -66.5708502529
278.4 -66.4451417504
278.5 -66.3206903329
278.6 -66.1974834296
278.7 -66.0755085953
278.8 -65.9547535093
278.9 -65.8352059742
279.0 -65.7168539145
279.1 -65.5996853753
279.2 -65.4836885216
279.3 -65.3688516364
279.4 -65.25516312
279.5 -65.1426114888
279.6 -65.0311853739
279.7 -64.9208735202
279.8 -64.811664785
279.9 -64.7035481371
280.0 -64.5965126557
280.1 -64.4905475292
280.2 -64.3856420539
280.3 -64.2817856334
280.4 -64.178967777
280.5 -64.0771780993
280.6 -63.9764063183
280.7 -63.8766422551
280.8 -63.7778758325
280.9 -63.6800970742
281.0 -63.5832961035
281.1 -63.4874631424
281.2 -63.392588511
281.3 -63.2986626259
281.4 -63.2056759996
281.5 -63.1136192396
281.6 -63.0224830472
281.7 -62.9322582168
281.8 -62.8429356346
281.9 -62.7545062783
282.0 -62.6669612155
282.1 -62.5802916033
282.2 -62.4944886873
282.3 -62.4095438004
282.4 -62.3254483624
282.5 -62.2421938788
282.6 -62.15977194
282.7 -62.0781742206
282.8 -61.9973924784
282.9 -61.9174185536
283.0 -61.8382443681
283.1 -61.7598619244
283.2 -61.6822633051
283.3 -61.6054406721
283.4 -61.5293862654
283.5 -61.4540924027
283.6 -61.3795514787
283.7 -61.3057559639
283.8 -61.2326984043
283.9 -61.1603714202
284.0 -61.088767706
284.1 -61.017880029
284.2 -60.9477012287
284.3 -60.8782242164
284.4 -60.8094419742
284.5 -60.7413475545
284.6 -60.6739340789
284.7 -60.6071947381
284.8 -60.5411227908
284.9 -60.4757115629
285.0 -60.4109544472
285.1 -60.3468449028
285.2 -60.2833764537
285.3 -60.2205426892
285.4 -60.1583372623
285.5 -60.0967538897
285.6 -60.0357863508
285.7 -59.9754284873
285.8 -59.9156742024
285.9 -59.8565174604
286.0 -59.7979522858
286.1 -59.7399727629
286.2 -59.6825730353
286.3 -59.6257473049
286.4 -59.5694898319
286.5 -59.5137949336
286.6 -59.4586569842
286.7 -59.4040704144
286.8 -59.3500297102
286.9 -59.2965294131
287.0 -59.243564119
287.1 -59.1911284778
287.2 -59.139217193
287.3 -59.0878250211
287.4 -59.0369467709
287.5 -58.9865773032
287.6 -58.9367115302
287.7 -58.8873444149
287.8 -58.8384709707
287.9 -58.790086261
288.0 -58.7421853984
288.1 -58.6947635444
288.2 -58.647815909
288.3 -58.6013377499
288.4 -58.5553243724
288.5 -58.5097711286
288.6 -58.4646734174
288.7 -58.4200266832
288.8 -58.3758264164
288.9 -58.3320681522
289.0 -58.2887474707
289.1 -58.245859996
289.2 -58.203401396
289.3 -58.161367382
289.4 -58.1197537082
289.5 -58.0785561711
289.6 -58.0377706094
289.7 -57.9973929033
289.8 -57.9574189743
289.9 -57.9178447846
290.0 -57.8786663367
290.1 -57.8398796733
290.2 -57.8014808766
290.3 -57.7634660678
290.4 -57.7258314072
290.5 -57.6885730931
290.6 -57.6516873622
290.7 -57.6151704885
290.8 -57.5790187837
290.9 -57.5432285958
291.0 -57.5077963099
291.1 -57.4727183468
291.2 -57.4379911633
291.3 -57.4036112517
291.4 -57.3695751391
291.5 -57.3358793878
291.6 -57.3025205939
291.7 -57.2694953879
291.8 -57.2368004341
291.9 -57.2044324297
292.0 -57.1723881054
292.1 -57.1406642244
292.2 -57.1092575821
292.3 -57.0781650063
292.4 -57.0473833562
292.5 -57.0169095227
292.6 -56.9867404275
292.7 -56.9568730232
292.8 -56.9273042929
292.9 -56.89803125
293.0 -56.8690509375
293.1 -56.8403604281
293.2 -56.8119568239
293.3 -56.7838372556
293.4 -56.7559988831
293.5 -56.7284388942
293.6 -56.7011545053
293.7 -56.6741429602
293.8 -56.6474015306
293.9 -56.6209275153
294.0 -56.5947182402
294.1 -56.5687710578
294.2 -56.5430833472
294.3 -56.5176525137
294.4 -56.4924759886
294.5 -56.4675512287
294.6 -56.4428757164
294.7 -56.4184469593
294.8 -56.3942624897
294.9 -56.3703198648
295.0 -56.3466166661
295.1 -56.3231504995
295.2 -56.2999189945
295.3 -56.2769198045
295.4 -56.2541506065
295.5 -56.2316091004
295.6 -56.2092930094
295.7 -56.1872000793
295.8 -56.1653280785
295.9 -56.1436747977
296.0 -56.1222380498
296.1 -56.1010156693
296.2 -56.0800055126
296.3 -56.0592054574
296.4 -56.0386134029
296.5 -56.0182272688
296.6 -55.9980449961
296.7 -55.9780645462
296.8 -55.9582839007
296.9 -55.9387010617
297.0 -55.9193140511
297.1 -55.9001209106
297.2 -55.8811197015
297.3 -55.8623085045
297.4 -55.8436854194
297.5 -55.8252485652
297.6 -55.8069960796
297.7 -55.7889261188
297.8 -55.7710368576
297.9 -55.753326489
298.0 -55.7357932241
298.1 -55.7184352919
298.2 -55.701250939
298.3 -55.6842384296
298.4 -55.6673960453
298.5 -55.6507220848
298.6 -55.634214864
298.7 -55.6178727153
298.8 -55.6016939882
298.9 -55.5856770483
299.0 -55.5698202778
299.1 -55.554122075
299.2 -55.5385808543
299.3 -55.5231950457
299.4 -55.5079630953
299.5 -55.4928834643
299.6 -55.4779546297
299.7 -55.4631750834
299.8 -55.4485433326
299.9 -55.4340578992
300.0 -55.4197173202
