0 -69.8
0.1 -69.602
0.2 -69.40598
0.3 -69.2119202
0.4 -69.019800998
0.5 -68.829602988
0.6 -68.6413069581
0.7 -68.4548938886
0.8 -68.2703449497
0.9 -68.0876415002
1.0 -67.9067650852
1.1 -67.7276974343
1.2 -67.55042046
1.3 -67.3749162554
1.4 -67.2011670928
1.5 -67.0291554219
1.6 -66.8588638677
1.7 -66.690275229
1.8 -66.5233724767
1.9 -66.3581387519
2.0 -66.1945573644
2.1 -66.0326117908
2.2 -65.8722856729
2.3 -65.7135628161
2.4 -65.556427188
2.5 -65.4008629161
2.6 -65.2468542869
2.7 -65.0943857441
2.8 -64.9434418866
2.9 -64.7940074678
3.0 -64.6460673931
3.1 -64.4996067192
3.2 -64.354610652
3.3 -64.2110645454
3.4 -64.0689539
3.5 -63.928264361
3.6 -63.7889817174
3.7 -63.6510919002
3.8 -63.5145809812
3.9 -63.3794351714
4.0 -63.2456408197
4.1 -63.1131844115
4.2 -62.9820525674
4.3 -62.8522320417
4.4 -62.7237097213
4.5 -62.5964726241
4.6 -62.4705078978
4.7 -62.3458028188
4.8 -62.2223447907
4.9 -62.1001213428
5.0 -61.9791201293
5.1 -61.859328928
5.2 -61.7407356387
5.3 -61.6233282824
5.4 -61.5070949995
5.5 -61.3920240495
5.6 -61.278103809
5.7 -61.165322771
5.8 -61.0536695432
5.9 -60.9431328478
6.0 -60.8337015193
6.1 -60.7253645041
6.2 -60.6181108591
6.3 -60.5119297505
6.4 -60.406810453
6.5 -60.3027423485
6.6 -60.199714925
6.7 -60.0977177757
6.8 -59.996740598
6.9 -59.896773192
7.0 -59.7978054601
7.1 -59.6998274055
7.2 -59.6028291314
7.3 -59.5068008401
7.4 -59.4117328317
7.5 -59.3176155034
7.6 -59.2244393484
7.7 -59.1321949549
7.8 -59.0408730053
7.9 -58.9504642753
8.0 -58.8609596325
8.1 -58.7723500362
8.2 -58.6846265358
8.3 -58.5977802705
8.4 -58.5118024678
8.5 -58.4266844431
8.6 -58.3424175987
8.7 -58.2589934227
8.8 -58.1764034885
8.9 -58.0946394536
9.0 -58.013693059
9.1 -57.9335561284
9.2 -57.8542205672
9.3 -57.7756783615
9.4 -57.6979215779
9.5 -57.6209423621
9.6 -57.5447329385
9.7 -57.4692856091
9.8 -57.394592753
9.9 -57.3206468255
10.0 -57.2474403572
10.1 -57.1749659536
10.2 -57.1032162941
10.3 -57.0321841312
10.4 -56.9618622898
10.5 -56.892243667
10.6 -56.8233212303
10.7 -56.755088018
10.8 -56.6875371378
10.9 -56.6206617664
11.0 -56.5544551488
11.1 -56.4889105973
11.2 -56.4240214913
11.3 -56.3597812764
11.4 -56.2961834636
11.5 -56.233221629
11.6 -56.1708894127
11.7 -56.1091805186
11.8 -56.0480887134
11.9 -55.9876078262
12.0 -55.927731748
12.1 -55.8684544305
12.2 -55.8097698862
12.3 -55.7516721873
12.4 -55.6941554655
12.5 -55.6372139108
12.6 -55.5808417717
12.7 -55.525033354
12.8 -55.4697830204
12.9 -55.4150851902
13.0 -55.3609343383
13.1 -55.307324995
13.2 -55.254251745
13.3 -55.2017092276
13.4 -55.1496921353
13.5 -55.0981952139
13.6 -55.0472132618
13.7 0
13.8 -69.8
13.9 -69.602
14.0 -69.40598
14.1 -69.2119202
14.2 -69.019800998
14.3 -68.829602988
14.4 -68.6413069581
14.5 -68.4548938886
14.6 -68.2703449497
14.7 -68.0876415002
14.8 -67.9067650852
14.9 -67.7276974343
15.0 -67.55042046
15.1 -67.3749162554
15.2 -67.2011670928
15.3 -67.0291554219
15.4 -66.8588638677
15.5 -66.690275229
15.6 -66.5233724767
15.7 -66.3581387519
15.8 -66.1945573644
15.9 -66.0326117908
16.0 -65.8722856729
16.1 -65.7135628161
16.2 -65.556427188
16.3 -65.4008629161
16.4 -65.2468542869
16.5 -65.0943857441
16.6 -64.9434418866
16.7 -64.7940074678
16.8 -64.6460673931
16.9 -64.4996067192
17.0 -64.354610652
17.1 -64.2110645454
17.2 -64.0689539
17.3 -63.928264361
17.4 -63.7889817174
17.5 -63.6510919002
17.6 -63.5145809812
17.7 -63.3794351714
17.8 -63.2456408197
17.9 -63.1131844115
18.0 -62.9820525674
18.1 -62.8522320417
18.2 -62.7237097213
18.3 -62.5964726241
18.4 -62.4705078978
18.5 -62.3458028188
18.6 -62.2223447907
18.7 -62.1001213428
18.8 -61.9791201293
18.9 -61.859328928
19.0 -61.7407356387
19.1 -61.6233282824
19.2 -61.5070949995
19.3 -61.3920240495
19.4 -61.278103809
19.5 -61.165322771
19.6 -61.0536695432
19.7 -60.9431328478
19.8 -60.8337015193
19.9 -60.7253645041
20.0 -60.6181108591
20.1 -60.5119297505
20.2 -60.406810453
20.3 -60.3027423485
20.4 -60.199714925
20.5 -60.0977177757
20.6 -59.996740598
20.7 -59.896773192
20.8 -59.7978054601
20.9 -59.6998274055
21.0 -59.6028291314
21.1 -59.5068008401
21.2 -59.4117328317
21.3 -59.3176155034
21.4 -59.2244393484
21.5 -59.1321949549
21.6 -59.0408730053
21.7 -58.9504642753
21.8 -58.8609596325
21.9 -58.7723500362
22.0 -58.6846265358
22.1 -58.5977802705
22.2 -58.5118024678
22.3 -58.4266844431
22.4 -58.3424175987
22.5 -58.2589934227
22.6 -58.1764034885
22.7 -58.0946394536
22.8 -58.013693059
22.9 -57.9335561284
23.0 -57.8542205672
23.1 -57.7756783615
23.2 -57.6979215779
23.3 -57.6209423621
23.4 -57.5447329385
23.5 -57.4692856091
23.6 -57.394592753
23.7 -57.3206468255
23.8 -57.2474403572
23.9 -57.1749659536
24.0 -57.1032162941
24.1 -57.0321841312
24.2 -56.9618622898
24.3 -56.892243667
24.4 -56.8233212303
24.5 -56.755088018
24.6 -56.6875371378
24.7 -56.6206617664
24.8 -56.5544551488
24.9 -56.4889105973
25.0 -56.4240214913
25.1 -56.3597812764
25.2 -56.2961834636
25.3 -56.233221629
25.4 -56.1708894127
25.5 -56.1091805186
25.6 -56.0480887134
25.7 -55.9876078262
25.8 -55.927731748
25.9 -55.8684544305
26.0 -55.8097698862
26.1 -55.7516721873
26.2 -55.6941554655
26.3 -55.6372139108
26.4 -55.5808417717
26.5 -55.525033354
26.6 -55.4697830204
26.7 -55.4150851902
26.8 -55.3609343383
26.9 -55.307324995
27.0 -55.254251745
27.1 -55.2017092276
27.2 -55.1496921353
27.3 -55.0981952139
27.4 -55.0472132618
27.5 0
27.6 -69.8
27.7 -69.602
27.8 -69.40598
27.9 -69.2119202
28.0 -69.019800998
28.1 -68.829602988
28.2 -68.6413069581
28.3 -68.4548938886
28.4 -68.2703449497
28.5 -68.0876415002
28.6 -67.9067650852
28.7 -67.7276974343
28.8 -67.55042046
28.9 -67.3749162554
29.0 -67.2011670928
29.1 -67.0291554219
29.2 -66.8588638677
29.3 -66.690275229
29.4 -66.5233724767
29.5 -66.3581387519
29.6 -66.1945573644
29.7 -66.0326117908
29.8 -65.8722856729
29.9 -65.7135628161
30.0 -65.556427188
30.1 -65.4008629161
30.2 -65.2468542869
30.3 -65.0943857441
30.4 -64.9434418866
30.5 -64.7940074678
30.6 -64.6460673931
30.7 -64.4996067192
30.8 -64.354610652
30.9 -64.2110645454
31.0 -64.0689539
31.1 -63.928264361
31.2 -63.7889817174
31.3 -63.6510919002
31.4 -63.5145809812
31.5 -63.3794351714
31.6 -63.2456408197
31.7 -63.1131844115
31.8 -62.9820525674
31.9 -62.8522320417
32.0 -62.7237097213
32.1 -62.5964726241
32.2 -62.4705078978
32.3 -62.3458028188
32.4 -62.2223447907
32.5 -62.1001213428
32.6 -61.9791201293
32.7 -61.859328928
32.8 -61.7407356387
32.9 -61.6233282824
33.0 -61.5070949995
33.1 -61.3920240495
33.2 -61.278103809
33.3 -61.165322771
33.4 -61.0536695432
33.5 -60.9431328478
33.6 -60.8337015193
33.7 -60.7253645041
33.8 -60.6181108591
33.9 -60.5119297505
34.0 -60.406810453
34.1 -60.3027423485
34.2 -60.199714925
34.3 -60.0977177757
34.4 -59.996740598
34.5 -59.896773192
34.6 -59.7978054601
34.7 -59.6998274055
34.8 -59.6028291314
34.9 -59.5068008401
35.0 -59.4117328317
35.1 -59.3176155034
35.2 -59.2244393484
35.3 -59.1321949549
35.4 -59.0408730053
35.5 -58.9504642753
35.6 -58.8609596325
35.7 -58.7723500362
35.8 -58.6846265358
35.9 -58.5977802705
36.0 -58.5118024678
36.1 -58.4266844431
36.2 -58.3424175987
36.3 -58.2589934227
36.4 -58.1764034885
36.5 -58.0946394536
36.6 -58.013693059
36.7 -57.9335561284
36.8 -57.8542205672
36.9 -57.7756783615
37.0 -57.6979215779
37.1 -57.6209423621
37.2 -57.5447329385
37.3 -57.4692856091
37.4 -57.394592753
37.5 -57.3206468255
37.6 -57.2474403572
37.7 -57.1749659536
37.8 -57.1032162941
37.9 -57.0321841312
38.0 -56.9618622898
38.1 -56.892243667
38.2 -56.8233212303
38.3 -56.755088018
38.4 -56.6875371378
38.5 -56.6206617664
38.6 -56.5544551488
38.7 -56.4889105973
38.8 -56.4240214913
38.9 -56.3597812764
39.0 -56.2961834636
39.1 -56.233221629
39.2 -56.1708894127
39.3 -56.1091805186
39.4 -56.0480887134
39.5 -55.9876078262
39.6 -55.927731748
39.7 -55.8684544305
39.8 -55.8097698862
39.9 -55.7516721873
40.0 -55.6941554655
40.1 -55.6372139108
40.2 -55.5808417717
40.3 -55.525033354
40.4 -55.4697830204
40.5 -55.4150851902
40.6 -55.3609343383
40.7 -55.307324995
40.8 -55.254251745
40.9 -55.2017092276
41.0 -55.1496921353
41.1 -55.0981952139
41.2 -55.0472132618
41.3 0
41.4 -69.8
41.5 -69.602
41.6 -69.40598
41.7 -69.2119202
41.8 -69.019800998
41.9 -68.829602988
42.0 -68.6413069581
42.1 -68.4548938886
42.2 -68.2703449497
42.3 -68.0876415002
42.4 -67.9067650852
42.5 -67.7276974343
42.6 -67.55042046
42.7 -67.3749162554
42.8 -67.2011670928
42.9 -67.0291554219
43.0 -66.8588638677
43.1 -66.690275229
43.2 -66.5233724767
43.3 -66.3581387519
43.4 -66.1945573644
43.5 -66.0326117908
43.6 -65.8722856729
43.7 -65.7135628161
43.8 -65.556427188
43.9 -65.4008629161
44.0 -65.2468542869
44.1 -65.0943857441
44.2 -64.9434418866
44.3 -64.7940074678
44.4 -64.6460673931
44.5 -64.4996067192
44.6 -64.354610652
44.7 -64.2110645454
44.8 -64.0689539
44.9 -63.928264361
45.0 -63.7889817174
45.1 -63.6510919002
45.2 -63.5145809812
45.3 -63.3794351714
45.4 -63.2456408197
45.5 -63.1131844115
45.6 -62.9820525674
45.7 -62.8522320417
45.8 -62.7237097213
45.9 -62.5964726241
46.0 -62.4705078978
46.1 -62.3458028188
46.2 -62.2223447907
46.3 -62.1001213428
46.4 -61.9791201293
46.5 -61.859328928
46.6 -61.7407356387
46.7 -61.6233282824
46.8 -61.5070949995
46.9 -61.3920240495
47.0 -61.278103809
47.1 -61.165322771
47.2 -61.0536695432
47.3 -60.9431328478
47.4 -60.8337015193
47.5 -60.7253645041
47.6 -60.6181108591
47.7 -60.5119297505
47.8 -60.406810453
47.9 -60.3027423485
48.0 -60.199714925
48.1 -60.0977177757
48.2 -59.996740598
48.3 -59.896773192
48.4 -59.7978054601
48.5 -59.6998274055
48.6 -59.6028291314
48.7 -59.5068008401
48.8 -59.4117328317
48.9 -59.3176155034
49.0 -59.2244393484
49.1 -59.1321949549
49.2 -59.0408730053
49.3 -58.9504642753
49.4 -58.8609596325
49.5 -58.7723500362
49.6 -58.6846265358
49.7 -58.5977802705
49.8 -58.5118024678
49.9 -58.4266844431
50.0 -58.3424175987
50.1 -58.2589934227
50.2 -58.1764034885
50.3 -58.0946394536
50.4 -58.013693059
50.5 -57.9335561284
50.6 -57.8542205672
50.7 -57.7756783615
50.8 -57.6979215779
50.9 -57.6209423621
51.0 -57.5447329385
51.1 -57.4692856091
51.2 -57.394592753
51.3 -57.3206468255
51.4 -57.2474403572
51.5 -57.1749659536
51.6 -57.1032162941
51.7 -57.0321841312
51.8 -56.9618622898
51.9 -56.892243667
52.0 -56.8233212303
52.1 -56.755088018
52.2 -56.6875371378
52.3 -56.6206617664
52.4 -56.5544551488
52.5 -56.4889105973
52.6 -56.4240214913
52.7 -56.3597812764
52.8 -56.2961834636
52.9 -56.233221629
53.0 -56.1708894127
53.1 -56.1091805186
53.2 -56.0480887134
53.3 -55.9876078262
53.4 -55.927731748
53.5 -55.8684544305
53.6 -55.8097698862
53.7 -55.7516721873
53.8 -55.6941554655
53.9 -55.6372139108
54.0 -55.5808417717
54.1 -55.525033354
54.2 -55.4697830204
54.3 -55.4150851902
54.4 -55.3609343383
54.5 -55.307324995
54.6 -55.254251745
54.7 -55.2017092276
54.8 -55.1496921353
54.9 -55.0981952139
55.0 -55.0472132618
55.1 0
55.2 -69.8
55.3 -69.602
55.4 -69.40598
55.5 -69.2119202
55.6 -69.019800998
55.7 -68.829602988
55.8 -68.6413069581
55.9 -68.4548938886
56.0 -68.2703449497
56.1 -68.0876415002
56.2 -67.9067650852
56.3 -67.7276974343
56.4 -67.55042046
56.5 -67.3749162554
56.6 -67.2011670928
56.7 -67.0291554219
56.8 -66.8588638677
56.9 -66.690275229
57.0 -66.5233724767
57.1 -66.3581387519
57.2 -66.1945573644
57.3 -66.0326117908
57.4 -65.8722856729
57.5 -65.7135628161
57.6 -65.556427188
57.7 -65.4008629161
57.8 -65.2468542869
57.9 -65.0943857441
58.0 -64.9434418866
58.1 -64.7940074678
58.2 -64.6460673931
58.3 -64.4996067192
58.4 -64.354610652
58.5 -64.2110645454
58.6 -64.0689539
58.7 -63.928264361
58.8 -63.7889817174
58.9 -63.6510919002
59.0 -63.5145809812
59.1 -63.3794351714
59.2 -63.2456408197
59.3 -63.1131844115
59.4 -62.9820525674
59.5 -62.8522320417
59.6 -62.7237097213
59.7 -62.5964726241
59.8 -62.4705078978
59.9 -62.3458028188
60.0 -62.2223447907
60.1 -62.1001213428
60.2 -61.9791201293
60.3 -61.859328928
60.4 -61.7407356387
60.5 -61.6233282824
60.6 -61.5070949995
60.7 -61.3920240495
60.8 -61.278103809
60.9 -61.165322771
61.0 -61.0536695432
61.1 -60.9431328478
61.2 -60.8337015193
61.3 -60.7253645041
61.4 -60.6181108591
61.5 -60.5119297505
61.6 -60.406810453
61.7 -60.3027423485
61.8 -60.199714925
61.9 -60.0977177757
62.0 -59.996740598
62.1 -59.896773192
62.2 -59.7978054601
62.3 -59.6998274055
62.4 -59.6028291314
62.5 -59.5068008401
62.6 -59.4117328317
62.7 -59.3176155034
62.8 -59.2244393484
62.9 -59.1321949549
63.0 -59.0408730053
63.1 -58.9504642753
63.2 -58.8609596325
63.3 -58.7723500362
63.4 -58.6846265358
63.5 -58.5977802705
63.6 -58.5118024678
63.7 -58.4266844431
63.8 -58.3424175987
63.9 -58.2589934227
64.0 -58.1764034885
64.1 -58.0946394536
64.2 -58.013693059
64.3 -57.9335561284
64.4 -57.8542205672
64.5 -57.7756783615
64.6 -57.6979215779
64.7 -57.6209423621
64.8 -57.5447329385
64.9 -57.4692856091
65.0 -57.394592753
65.1 -57.3206468255
65.2 -57.2474403572
65.3 -57.1749659536
65.4 -57.1032162941
65.5 -57.0321841312
65.6 -56.9618622898
65.7 -56.892243667
65.8 -56.8233212303
65.9 -56.755088018
66.0 -56.6875371378
66.1 -56.6206617664
66.2 -56.5544551488
66.3 -56.4889105973
66.4 -56.4240214913
66.5 -56.3597812764
66.6 -56.2961834636
66.7 -56.233221629
66.8 -56.1708894127
66.9 -56.1091805186
67.0 -56.0480887134
67.1 -55.9876078262
67.2 -55.927731748
67.3 -55.8684544305
67.4 -55.8097698862
67.5 -55.7516721873
67.6 -55.6941554655
67.7 -55.6372139108
67.8 -55.5808417717
67.9 -55.525033354
68.0 -55.4697830204
68.1 -55.4150851902
68.2 -55.3609343383
68.3 -55.307324995
68.4 -55.254251745
68.5 -55.2017092276
68.6 -55.1496921353
68.7 -55.0981952139
68.8 -55.0472132618
68.9 0
69.0 -69.8
69.1 -69.602
69.2 -69.40598
69.3 -69.2119202
69.4 -69.019800998
69.5 -68.829602988
69.6 -68.6413069581
69.7 -68.4548938886
69.8 -68.2703449497
69.9 -68.0876415002
70.0 -67.9067650852
70.1 -67.7276974343
70.2 -67.55042046
70.3 -67.3749162554
70.4 -67.2011670928
70.5 -67.0291554219
70.6 -66.8588638677
70.7 -66.690275229
70.8 -66.5233724767
70.9 -66.3581387519
71.0 -66.1945573644
71.1 -66.0326117908
71.2 -65.8722856729
71.3 -65.7135628161
71.4 -65.556427188
71.5 -65.4008629161
71.6 -65.2468542869
71.7 -65.0943857441
71.8 -64.9434418866
71.9 -64.7940074678
72.0 -64.6460673931
72.1 -64.4996067192
72.2 -64.354610652
72.3 -64.2110645454
72.4 -64.0689539
72.5 -63.928264361
72.6 -63.7889817174
72.7 -63.6510919002
72.8 -63.5145809812
72.9 -63.3794351714
73.0 -63.2456408197
73.1 -63.1131844115
73.2 -62.9820525674
73.3 -62.8522320417
73.4 -62.7237097213
73.5 -62.5964726241
73.6 -62.4705078978
73.7 -62.3458028188
73.8 -62.2223447907
73.9 -62.1001213428
74.0 -61.9791201293
74.1 -61.859328928
74.2 -61.7407356387
74.3 -61.6233282824
74.4 -61.5070949995
74.5 -61.3920240495
74.6 -61.278103809
74.7 -61.165322771
74.8 -61.0536695432
74.9 -60.9431328478
75.0 -60.8337015193
75.1 -60.7253645041
75.2 -60.6181108591
75.3 -60.5119297505
75.4 -60.406810453
75.5 -60.3027423485
75.6 -60.199714925
75.7 -60.0977177757
75.8 -59.996740598
75.9 -59.896773192
76.0 -59.7978054601
76.1 -59.6998274055
76.2 -59.6028291314
76.3 -59.5068008401
76.4 -59.4117328317
76.5 -59.3176155034
76.6 -59.2244393484
76.7 -59.1321949549
76.8 -59.0408730053
76.9 -58.9504642753
77.0 -58.8609596325
77.1 -58.7723500362
77.2 -58.6846265358
77.3 -58.5977802705
77.4 -58.5118024678
77.5 -58.4266844431
77.6 -58.3424175987
77.7 -58.2589934227
77.8 -58.1764034885
77.9 -58.0946394536
78.0 -58.013693059
78.1 -57.9335561284
78.2 -57.8542205672
78.3 -57.7756783615
78.4 -57.6979215779
78.5 -57.6209423621
78.6 -57.5447329385
78.7 -57.4692856091
78.8 -57.394592753
78.9 -57.3206468255
79.0 -57.2474403572
79.1 -57.1749659536
79.2 -57.1032162941
79.3 -57.0321841312
79.4 -56.9618622898
79.5 -56.892243667
79.6 -56.8233212303
79.7 -56.755088018
79.8 -56.6875371378
79.9 -56.6206617664
80.0 -56.5544551488
80.1 -56.4889105973
80.2 -56.4240214913
80.3 -56.3597812764
80.4 -56.2961834636
80.5 -56.233221629
80.6 -56.1708894127
80.7 -56.1091805186
80.8 -56.0480887134
80.9 -55.9876078262
81.0 -55.927731748
81.1 -55.8684544305
81.2 -55.8097698862
81.3 -55.7516721873
81.4 -55.6941554655
81.5 -55.6372139108
81.6 -55.5808417717
81.7 -55.525033354
81.8 -55.4697830204
81.9 -55.4150851902
82.0 -55.3609343383
82.1 -55.307324995
82.2 -55.254251745
82.3 -55.2017092276
82.4 -55.1496921353
82.5 -55.0981952139
82.6 -55.0472132618
82.7 0
82.8 -69.8
82.9 -69.602
83.0 -69.40598
83.1 -69.2119202
83.2 -69.019800998
83.3 -68.829602988
83.4 -68.6413069581
83.5 -68.4548938886
83.6 -68.2703449497
83.7 -68.0876415002
83.8 -67.9067650852
83.9 -67.7276974343
84.0 -67.55042046
84.1 -67.3749162554
84.2 -67.2011670928
84.3 -67.0291554219
84.4 -66.8588638677
84.5 -66.690275229
84.6 -66.5233724767
84.7 -66.3581387519
84.8 -66.1945573644
84.9 -66.0326117908
85.0 -65.8722856729
85.1 -65.7135628161
85.2 -65.556427188
85.3 -65.4008629161
85.4 -65.2468542869
85.5 -65.0943857441
85.6 -64.9434418866
85.7 -64.7940074678
85.8 -64.6460673931
85.9 -64.4996067192
86.0 -64.354610652
86.1 -64.2110645454
86.2 -64.0689539
86.3 -63.928264361
86.4 -63.7889817174
86.5 -63.6510919002
86.6 -63.5145809812
86.7 -63.3794351714
86.8 -63.2456408197
86.9 -63.1131844115
87.0 -62.9820525674
87.1 -62.8522320417
87.2 -62.7237097213
87.3 -62.5964726241
87.4 -62.4705078978
87.5 -62.3458028188
87.6 -62.2223447907
87.7 -62.1001213428
87.8 -61.9791201293
87.9 -61.859328928
88.0 -61.7407356387
88.1 -61.6233282824
88.2 -61.5070949995
88.3 -61.3920240495
88.4 -61.278103809
88.5 -61.165322771
88.6 -61.0536695432
88.7 -60.9431328478
88.8 -60.8337015193
88.9 -60.7253645041
89.0 -60.6181108591
89.1 -60.5119297505
89.2 -60.406810453
89.3 -60.3027423485
89.4 -60.199714925
89.5 -60.0977177757
89.6 -59.996740598
89.7 -59.896773192
89.8 -59.7978054601
89.9 -59.6998274055
90.0 -59.6028291314
90.1 -59.5068008401
90.2 -59.4117328317
90.3 -59.3176155034
90.4 -59.2244393484
90.5 -59.1321949549
90.6 -59.0408730053
90.7 -58.9504642753
90.8 -58.8609596325
90.9 -58.7723500362
91.0 -58.6846265358
91.1 -58.5977802705
91.2 -58.5118024678
91.3 -58.4266844431
91.4 -58.3424175987
91.5 -58.2589934227
91.6 -58.1764034885
91.7 -58.0946394536
91.8 -58.013693059
91.9 -57.9335561284
92.0 -57.8542205672
92.1 -57.7756783615
92.2 -57.6979215779
92.3 -57.6209423621
92.4 -57.5447329385
92.5 -57.4692856091
92.6 -57.394592753
92.7 -57.3206468255
92.8 -57.2474403572
92.9 -57.1749659536
93.0 -57.1032162941
93.1 -57.0321841312
93.2 -56.9618622898
93.3 -56.892243667
93.4 -56.8233212303
93.5 -56.755088018
93.6 -56.6875371378
93.7 -56.6206617664
93.8 -56.5544551488
93.9 -56.4889105973
94.0 -56.4240214913
94.1 -56.3597812764
94.2 -56.2961834636
94.3 -56.233221629
94.4 -56.1708894127
94.5 -56.1091805186
94.6 -56.0480887134
94.7 -55.9876078262
94.8 -55.927731748
94.9 -55.8684544305
95.0 -55.8097698862
95.1 -55.7516721873
95.2 -55.6941554655
95.3 -55.6372139108
95.4 -55.5808417717
95.5 -55.525033354
95.6 -55.4697830204
95.7 -55.4150851902
95.8 -55.3609343383
95.9 -55.307324995
96.0 -55.254251745
96.1 -55.2017092276
96.2 -55.1496921353
96.3 -55.0981952139
96.4 -55.0472132618
96.5 0
96.6 -69.8
96.7 -69.602
96.8 -69.40598
96.9 -69.2119202
97.0 -69.019800998
97.1 -68.829602988
97.2 -68.6413069581
97.3 -68.4548938886
97.4 -68.2703449497
97.5 -68.0876415002
97.6 -67.9067650852
97.7 -67.7276974343
97.8 -67.55042046
97.9 -67.3749162554
98.0 -67.2011670928
98.1 -67.0291554219
98.2 -66.8588638677
98.3 -66.690275229
98.4 -66.5233724767
98.5 -66.3581387519
98.6 -66.1945573644
98.7 -66.0326117908
98.8 -65.8722856729
98.9 -65.7135628161
99.0 -65.556427188
99.1 -65.4008629161
99.2 -65.2468542869
99.3 -65.0943857441
99.4 -64.9434418866
99.5 -64.7940074678
99.6 -64.6460673931
99.7 -64.4996067192
99.8 -64.354610652
99.9 -64.2110645454
100.0 -64.0689539
100.1 -63.928264361
100.2 -63.7889817174
100.3 -63.6510919002
100.4 -63.5145809812
100.5 -63.3794351714
100.6 -63.2456408197
100.7 -63.1131844115
100.8 -62.9820525674
100.9 -62.8522320417
101.0 -62.7237097213
101.1 -62.5964726241
101.2 -62.4705078978
101.3 -62.3458028188
101.4 -62.2223447907
101.5 -62.1001213428
101.6 -61.9791201293
101.7 -61.859328928
101.8 -61.7407356387
101.9 -61.6233282824
102.0 -61.5070949995
102.1 -61.3920240495
102.2 -61.278103809
102.3 -61.165322771
102.4 -61.0536695432
102.5 -60.9431328478
102.6 -60.8337015193
102.7 -60.7253645041
102.8 -60.6181108591
102.9 -60.5119297505
103.0 -60.406810453
103.1 -60.3027423485
103.2 -60.199714925
103.3 -60.0977177757
103.4 -59.996740598
103.5 -59.896773192
103.6 -59.7978054601
103.7 -59.6998274055
103.8 -59.6028291314
103.9 -59.5068008401
104.0 -59.4117328317
104.1 -59.3176155034
104.2 -59.2244393484
104.3 -59.1321949549
104.4 -59.0408730053
104.5 -58.9504642753
104.6 -58.8609596325
104.7 -58.7723500362
104.8 -58.6846265358
104.9 -58.5977802705
105.0 -58.5118024678
105.1 -58.4266844431
105.2 -58.3424175987
105.3 -58.2589934227
105.4 -58.1764034885
105.5 -58.0946394536
105.6 -58.013693059
105.7 -57.9335561284
105.8 -57.8542205672
105.9 -57.7756783615
106.0 -57.6979215779
106.1 -57.6209423621
106.2 -57.5447329385
106.3 -57.4692856091
106.4 -57.394592753
106.5 -57.3206468255
106.6 -57.2474403572
106.7 -57.1749659536
106.8 -57.1032162941
106.9 -57.0321841312
107.0 -56.9618622898
107.1 -56.892243667
107.2 -56.8233212303
107.3 -56.755088018
107.4 -56.6875371378
107.5 -56.6206617664
107.6 -56.5544551488
107.7 -56.4889105973
107.8 -56.4240214913
107.9 -56.3597812764
108.0 -56.2961834636
108.1 -56.233221629
108.2 -56.1708894127
108.3 -56.1091805186
108.4 -56.0480887134
108.5 -55.9876078262
108.6 -55.927731748
108.7 -55.8684544305
108.8 -55.8097698862
108.9 -55.7516721873
109.0 -55.6941554655
109.1 -55.6372139108
109.2 -55.5808417717
109.3 -55.525033354
109.4 -55.4697830204
109.5 -55.4150851902
109.6 -55.3609343383
109.7 -55.307324995
109.8 -55.254251745
109.9 -55.2017092276
110.0 -55.1496921353
110.1 -55.0981952139
110.2 -55.0472132618
110.3 0
110.4 -69.8
110.5 -69.602
110.6 -69.40598
110.7 -69.2119202
110.8 -69.019800998
110.9 -68.829602988
111.0 -68.6413069581
111.1 -68.4548938886
111.2 -68.2703449497
111.3 -68.0876415002
111.4 -67.9067650852
111.5 -67.7276974343
111.6 -67.55042046
111.7 -67.3749162554
111.8 -67.2011670928
111.9 -67.0291554219
112.0 -66.8588638677
112.1 -66.690275229
112.2 -66.5233724767
112.3 -66.3581387519
112.4 -66.1945573644
112.5 -66.0326117908
112.6 -65.8722856729
112.7 -65.7135628161
112.8 -65.556427188
112.9 -65.4008629161
113.0 -65.2468542869
113.1 -65.0943857441
113.2 -64.9434418866
113.3 -64.7940074678
113.4 -64.6460673931
113.5 -64.4996067192
113.6 -64.354610652
113.7 -64.2110645454
113.8 -64.0689539
113.9 -63.928264361
114.0 -63.7889817174
114.1 -63.6510919002
114.2 -63.5145809812
114.3 -63.3794351714
114.4 -63.2456408197
114.5 -63.1131844115
114.6 -62.9820525674
114.7 -62.8522320417
114.8 -62.7237097213
114.9 -62.5964726241
115.0 -62.4705078978
115.1 -62.3458028188
115.2 -62.2223447907
115.3 -62.1001213428
115.4 -61.9791201293
115.5 -61.859328928
115.6 -61.7407356387
115.7 -61.6233282824
115.8 -61.5070949995
115.9 -61.3920240495
116.0 -61.278103809
116.1 -61.165322771
116.2 -61.0536695432
116.3 -60.9431328478
116.4 -60.8337015193
116.5 -60.7253645041
116.6 -60.6181108591
116.7 -60.5119297505
116.8 -60.406810453
116.9 -60.3027423485
117.0 -60.199714925
117.1 -60.0977177757
117.2 -59.996740598
117.3 -59.896773192
117.4 -59.7978054601
117.5 -59.6998274055
117.6 -59.6028291314
117.7 -59.5068008401
117.8 -59.4117328317
117.9 -59.3176155034
118.0 -59.2244393484
118.1 -59.1321949549
118.2 -59.0408730053
118.3 -58.9504642753
118.4 -58.8609596325
118.5 -58.7723500362
118.6 -58.6846265358
118.7 -58.5977802705
118.8 -58.5118024678
118.9 -58.4266844431
119.0 -58.3424175987
119.1 -58.2589934227
119.2 -58.1764034885
119.3 -58.0946394536
119.4 -58.013693059
119.5 -57.9335561284
119.6 -57.8542205672
119.7 -57.7756783615
119.8 -57.6979215779
119.9 -57.6209423621
120.0 -57.5447329385
120.1 -57.4692856091
120.2 -57.394592753
120.3 -57.3206468255
120.4 -57.2474403572
120.5 -57.1749659536
120.6 -57.1032162941
120.7 -57.0321841312
120.8 -56.9618622898
120.9 -56.892243667
121.0 -56.8233212303
121.1 -56.755088018
121.2 -56.6875371378
121.3 -56.6206617664
121.4 -56.5544551488
121.5 -56.4889105973
121.6 -56.4240214913
121.7 -56.3597812764
121.8 -56.2961834636
121.9 -56.233221629
122.0 -56.1708894127
122.1 -56.1091805186
122.2 -56.0480887134
122.3 -55.9876078262
122.4 -55.927731748
122.5 -55.8684544305
122.6 -55.8097698862
122.7 -55.7516721873
122.8 -55.6941554655
122.9 -55.6372139108
123.0 -55.5808417717
123.1 -55.525033354
123.2 -55.4697830204
123.3 -55.4150851902
123.4 -55.3609343383
123.5 -55.307324995
123.6 -55.254251745
123.7 -55.2017092276
123.8 -55.1496921353
123.9 -55.0981952139
124.0 -55.0472132618
124.1 0
124.2 -69.8
124.3 -69.602
124.4 -69.40598
124.5 -69.2119202
124.6 -69.019800998
124.7 -68.829602988
124.8 -68.6413069581
124.9 -68.4548938886
125.0 -68.2703449497
125.1 -68.0876415002
125.2 -67.9067650852
125.3 -67.7276974343
125.4 -67.55042046
125.5 -67.3749162554
125.6 -67.2011670928
125.7 -67.0291554219
125.8 -66.8588638677
125.9 -66.690275229
126.0 -66.5233724767
126.1 -66.3581387519
126.2 -66.1945573644
126.3 -66.0326117908
126.4 -65.8722856729
126.5 -65.7135628161
126.6 -65.556427188
126.7 -65.4008629161
126.8 -65.2468542869
126.9 -65.0943857441
127.0 -64.9434418866
127.1 -64.7940074678
127.2 -64.6460673931
127.3 -64.4996067192
127.4 -64.354610652
127.5 -64.2110645454
127.6 -64.0689539
127.7 -63.928264361
127.8 -63.7889817174
127.9 -63.6510919002
128.0 -63.5145809812
128.1 -63.3794351714
128.2 -63.2456408197
128.3 -63.1131844115
128.4 -62.9820525674
128.5 -62.8522320417
128.6 -62.7237097213
128.7 -62.5964726241
128.8 -62.4705078978
128.9 -62.3458028188
129.0 -62.2223447907
129.1 -62.1001213428
129.2 -61.9791201293
129.3 -61.859328928
129.4 -61.7407356387
129.5 -61.6233282824
129.6 -61.5070949995
129.7 -61.3920240495
129.8 -61.278103809
129.9 -61.165322771
130.0 -61.0536695432
130.1 -60.9431328478
130.2 -60.8337015193
130.3 -60.7253645041
130.4 -60.6181108591
130.5 -60.5119297505
130.6 -60.406810453
130.7 -60.3027423485
130.8 -60.199714925
130.9 -60.0977177757
131.0 -59.996740598
131.1 -59.896773192
131.2 -59.7978054601
131.3 -59.6998274055
131.4 -59.6028291314
131.5 -59.5068008401
131.6 -59.4117328317
131.7 -59.3176155034
131.8 -59.2244393484
131.9 -59.1321949549
132.0 -59.0408730053
132.1 -58.9504642753
132.2 -58.8609596325
132.3 -58.7723500362
132.4 -58.6846265358
132.5 -58.5977802705
132.6 -58.5118024678
132.7 -58.4266844431
132.8 -58.3424175987
132.9 -58.2589934227
133.0 -58.1764034885
133.1 -58.0946394536
133.2 -58.013693059
133.3 -57.9335561284
133.4 -57.8542205672
133.5 -57.7756783615
133.6 -57.6979215779
133.7 -57.6209423621
133.8 -57.5447329385
133.9 -57.4692856091
134.0 -57.394592753
134.1 -57.3206468255
134.2 -57.2474403572
134.3 -57.1749659536
134.4 -57.1032162941
134.5 -57.0321841312
134.6 -56.9618622898
134.7 -56.892243667
134.8 -56.8233212303
134.9 -56.755088018
135.0 -56.6875371378
135.1 -56.6206617664
135.2 -56.5544551488
135.3 -56.4889105973
135.4 -56.4240214913
135.5 -56.3597812764
135.6 -56.2961834636
135.7 -56.233221629
135.8 -56.1708894127
135.9 -56.1091805186
136.0 -56.0480887134
136.1 -55.9876078262
136.2 -55.927731748
136.3 -55.8684544305
136.4 -55.8097698862
136.5 -55.7516721873
136.6 -55.6941554655
136.7 -55.6372139108
136.8 -55.5808417717
136.9 -55.525033354
137.0 -55.4697830204
137.1 -55.4150851902
137.2 -55.3609343383
137.3 -55.307324995
137.4 -55.254251745
137.5 -55.2017092276
137.6 -55.1496921353
137.7 -55.0981952139
137.8 -55.0472132618
137.9 0
138.0 -69.8
138.1 -69.602
138.2 -69.40598
138.3 -69.2119202
138.4 -69.019800998
138.5 -68.829602988
138.6 -68.6413069581
138.7 -68.4548938886
138.8 -68.2703449497
138.9 -68.0876415002
139.0 -67.9067650852
139.1 -67.7276974343
139.2 -67.55042046
139.3 -67.3749162554
139.4 -67.2011670928
139.5 -67.0291554219
139.6 -66.8588638677
139.7 -66.690275229
139.8 -66.5233724767
139.9 -66.3581387519
140.0 -66.1945573644
140.1 -66.0326117908
140.2 -65.8722856729
140.3 -65.7135628161
140.4 -65.556427188
140.5 -65.4008629161
140.6 -65.2468542869
140.7 -65.0943857441
140.8 -64.9434418866
140.9 -64.7940074678
141.0 -64.6460673931
141.1 -64.4996067192
141.2 -64.354610652
141.3 -64.2110645454
141.4 -64.0689539
141.5 -63.928264361
141.6 -63.7889817174
141.7 -63.6510919002
141.8 -63.5145809812
141.9 -63.3794351714
142.0 -63.2456408197
142.1 -63.1131844115
142.2 -62.9820525674
142.3 -62.8522320417
142.4 -62.7237097213
142.5 -62.5964726241
142.6 -62.4705078978
142.7 -62.3458028188
142.8 -62.2223447907
142.9 -62.1001213428
143.0 -61.9791201293
143.1 -61.859328928
143.2 -61.7407356387
143.3 -61.6233282824
143.4 -61.5070949995
143.5 -61.3920240495
143.6 -61.278103809
143.7 -61.165322771
143.8 -61.0536695432
143.9 -60.9431328478
144.0 -60.8337015193
144.1 -60.7253645041
144.2 -60.6181108591
144.3 -60.5119297505
144.4 -60.406810453
144.5 -60.3027423485
144.6 -60.199714925
144.7 -60.0977177757
144.8 -59.996740598
144.9 -59.896773192
145.0 -59.7978054601
145.1 -59.6998274055
145.2 -59.6028291314
145.3 -59.5068008401
145.4 -59.4117328317
145.5 -59.3176155034
145.6 -59.2244393484
145.7 -59.1321949549
145.8 -59.0408730053
145.9 -58.9504642753
146.0 -58.8609596325
146.1 -58.7723500362
146.2 -58.6846265358
146.3 -58.5977802705
146.4 -58.5118024678
146.5 -58.4266844431
146.6 -58.3424175987
146.7 -58.2589934227
146.8 -58.1764034885
146.9 -58.0946394536
147.0 -58.013693059
147.1 -57.9335561284
147.2 -57.8542205672
147.3 -57.7756783615
147.4 -57.6979215779
147.5 -57.6209423621
147.6 -57.5447329385
147.7 -57.4692856091
147.8 -57.394592753
147.9 -57.3206468255
148.0 -57.2474403572
148.1 -57.1749659536
148.2 -57.1032162941
148.3 -57.0321841312
148.4 -56.9618622898
148.5 -56.892243667
148.6 -56.8233212303
148.7 -56.755088018
148.8 -56.6875371378
148.9 -56.6206617664
149.0 -56.5544551488
149.1 -56.4889105973
149.2 -56.4240214913
149.3 -56.3597812764
149.4 -56.2961834636
149.5 -56.233221629
149.6 -56.1708894127
149.7 -56.1091805186
149.8 -56.0480887134
149.9 -55.9876078262
150.0 -55.927731748
150.1 -55.8684544305
150.2 -55.8097698862
150.3 -55.7516721873
150.4 -55.6941554655
150.5 -55.6372139108
150.6 -55.5808417717
150.7 -55.525033354
150.8 -55.4697830204
150.9 -55.4150851902
151.0 -55.3609343383
151.1 -55.307324995
151.2 -55.254251745
151.3 -55.2017092276
151.4 -55.1496921353
151.5 -55.0981952139
151.6 -55.0472132618
151.7 0
151.8 -69.8
151.9 -69.602
152.0 -69.40598
152.1 -69.2119202
152.2 -69.019800998
152.3 -68.829602988
152.4 -68.6413069581
152.5 -68.4548938886
152.6 -68.2703449497
152.7 -68.0876415002
152.8 -67.9067650852
152.9 -67.7276974343
153.0 -67.55042046
153.1 -67.3749162554
153.2 -67.2011670928
153.3 -67.0291554219
153.4 -66.8588638677
153.5 -66.690275229
153.6 -66.5233724767
153.7 -66.3581387519
153.8 -66.1945573644
153.9 -66.0326117908
154.0 -65.8722856729
154.1 -65.7135628161
154.2 -65.556427188
154.3 -65.4008629161
154.4 -65.2468542869
154.5 -65.0943857441
154.6 -64.9434418866
154.7 -64.7940074678
154.8 -64.6460673931
154.9 -64.4996067192
155.0 -64.354610652
155.1 -64.2110645454
155.2 -64.0689539
155.3 -63.928264361
155.4 -63.7889817174
155.5 -63.6510919002
155.6 -63.5145809812
155.7 -63.3794351714
155.8 -63.2456408197
155.9 -63.1131844115
156.0 -62.9820525674
156.1 -62.8522320417
156.2 -62.7237097213
156.3 -62.5964726241
156.4 -62.4705078978
156.5 -62.3458028188
156.6 -62.2223447907
156.7 -62.1001213428
156.8 -61.9791201293
156.9 -61.859328928
157.0 -61.7407356387
157.1 -61.6233282824
157.2 -61.5070949995
157.3 -61.3920240495
157.4 -61.278103809
157.5 -61.165322771
157.6 -61.0536695432
157.7 -60.9431328478
157.8 -60.8337015193
157.9 -60.7253645041
158.0 -60.6181108591
158.1 -60.5119297505
158.2 -60.406810453
158.3 -60.3027423485
158.4 -60.199714925
158.5 -60.0977177757
158.6 -59.996740598
158.7 -59.896773192
158.8 -59.7978054601
158.9 -59.6998274055
159.0 -59.6028291314
159.1 -59.5068008401
159.2 -59.4117328317
159.3 -59.3176155034
159.4 -59.2244393484
159.5 -59.1321949549
159.6 -59.0408730053
159.7 -58.9504642753
159.8 -58.8609596325
159.9 -58.7723500362
160.0 -58.6846265358
160.1 -58.5977802705
160.2 -58.5118024678
160.3 -58.4266844431
160.4 -58.3424175987
160.5 -58.2589934227
160.6 -58.1764034885
160.7 -58.0946394536
160.8 -58.013693059
160.9 -57.9335561284
161.0 -57.8542205672
161.1 -57.7756783615
161.2 -57.6979215779
161.3 -57.6209423621
161.4 -57.5447329385
161.5 -57.4692856091
161.6 -57.394592753
161.7 -57.3206468255
161.8 -57.2474403572
161.9 -57.1749659536
162.0 -57.1032162941
162.1 -57.0321841312
162.2 -56.9618622898
162.3 -56.892243667
162.4 -56.8233212303
162.5 -56.755088018
162.6 -56.6875371378
162.7 -56.6206617664
162.8 -56.5544551488
162.9 -56.4889105973
163.0 -56.4240214913
163.1 -56.3597812764
163.2 -56.2961834636
163.3 -56.233221629
163.4 -56.1708894127
163.5 -56.1091805186
163.6 -56.0480887134
163.7 -55.9876078262
163.8 -55.927731748
163.9 -55.8684544305
164.0 -55.8097698862
164.1 -55.7516721873
164.2 -55.6941554655
164.3 -55.6372139108
164.4 -55.5808417717
164.5 -55.525033354
164.6 -55.4697830204
164.7 -55.4150851902
164.8 -55.3609343383
164.9 -55.307324995
165.0 -55.254251745
165.1 -55.2017092276
165.2 -55.1496921353
165.3 -55.0981952139
165.4 -55.0472132618
165.5 0
165.6 -69.8
165.7 -69.602
165.8 -69.40598
165.9 -69.2119202
166.0 -69.019800998
166.1 -68.829602988
166.2 -68.6413069581
166.3 -68.4548938886
166.4 -68.2703449497
166.5 -68.0876415002
166.6 -67.9067650852
166.7 -67.7276974343
166.8 -67.55042046
166.9 -67.3749162554
167.0 -67.2011670928
167.1 -67.0291554219
167.2 -66.8588638677
167.3 -66.690275229
167.4 -66.5233724767
167.5 -66.3581387519
167.6 -66.1945573644
167.7 -66.0326117908
167.8 -65.8722856729
167.9 -65.7135628161
168.0 -65.556427188
168.1 -65.4008629161
168.2 -65.2468542869
168.3 -65.0943857441
168.4 -64.9434418866
168.5 -64.7940074678
168.6 -64.6460673931
168.7 -64.4996067192
168.8 -64.354610652
168.9 -64.2110645454
169.0 -64.0689539
169.1 -63.928264361
169.2 -63.7889817174
169.3 -63.6510919002
169.4 -63.5145809812
169.5 -63.3794351714
169.6 -63.2456408197
169.7 -63.1131844115
169.8 -62.9820525674
169.9 -62.8522320417
170.0 -62.7237097213
170.1 -62.5964726241
170.2 -62.4705078978
170.3 -62.3458028188
170.4 -62.2223447907
170.5 -62.1001213428
170.6 -61.9791201293
170.7 -61.859328928
170.8 -61.7407356387
170.9 -61.6233282824
171.0 -61.5070949995
171.1 -61.3920240495
171.2 -61.278103809
171.3 -61.165322771
171.4 -61.0536695432
171.5 -60.9431328478
171.6 -60.8337015193
171.7 -60.7253645041
171.8 -60.6181108591
171.9 -60.5119297505
172.0 -60.406810453
172.1 -60.3027423485
172.2 -60.199714925
172.3 -60.0977177757
172.4 -59.996740598
172.5 -59.896773192
172.6 -59.7978054601
172.7 -59.6998274055
172.8 -59.6028291314
172.9 -59.5068008401
173.0 -59.4117328317
173.1 -59.3176155034
173.2 -59.2244393484
173.3 -59.1321949549
173.4 -59.0408730053
173.5 -58.9504642753
173.6 -58.8609596325
173.7 -58.7723500362
173.8 -58.6846265358
173.9 -58.5977802705
174.0 -58.5118024678
174.1 -58.4266844431
174.2 -58.3424175987
174.3 -58.2589934227
174.4 -58.1764034885
174.5 -58.0946394536
174.6 -58.013693059
174.7 -57.9335561284
174.8 -57.8542205672
174.9 -57.7756783615
175.0 -57.6979215779
175.1 -57.6209423621
175.2 -57.5447329385
175.3 -57.4692856091
175.4 -57.394592753
175.5 -57.3206468255
175.6 -57.2474403572
175.7 -57.1749659536
175.8 -57.1032162941
175.9 -57.0321841312
176.0 -56.9618622898
176.1 -56.892243667
176.2 -56.8233212303
176.3 -56.755088018
176.4 -56.6875371378
176.5 -56.6206617664
176.6 -56.5544551488
176.7 -56.4889105973
176.8 -56.4240214913
176.9 -56.3597812764
177.0 -56.2961834636
177.1 -56.233221629
177.2 -56.1708894127
177.3 -56.1091805186
177.4 -56.0480887134
177.5 -55.9876078262
177.6 -55.927731748
177.7 -55.8684544305
177.8 -55.8097698862
177.9 -55.7516721873
178.0 -55.6941554655
178.1 -55.6372139108
178.2 -55.5808417717
178.3 -55.525033354
178.4 -55.4697830204
178.5 -55.4150851902
178.6 -55.3609343383
178.7 -55.307324995
178.8 -55.254251745
178.9 -55.2017092276
179.0 -55.1496921353
179.1 -55.0981952139
179.2 -55.0472132618
179.3 0
179.4 -69.8
179.5 -69.602
179.6 -69.40598
179.7 -69.2119202
179.8 -69.019800998
179.9 -68.829602988
180.0 -68.6413069581
180.1 -68.4548938886
180.2 -68.2703449497
180.3 -68.0876415002
180.4 -67.9067650852
180.5 -67.7276974343
180.6 -67.55042046
180.7 -67.3749162554
180.8 -67.2011670928
180.9 -67.0291554219
181.0 -66.8588638677
181.1 -66.690275229
181.2 -66.5233724767
181.3 -66.3581387519
181.4 -66.1945573644
181.5 -66.0326117908
181.6 -65.8722856729
181.7 -65.7135628161
181.8 -65.556427188
181.9 -65.4008629161
182.0 -65.2468542869
182.1 -65.0943857441
182.2 -64.9434418866
182.3 -64.7940074678
182.4 -64.6460673931
182.5 -64.4996067192
182.6 -64.354610652
182.7 -64.2110645454
182.8 -64.0689539
182.9 -63.928264361
183.0 -63.7889817174
183.1 -63.6510919002
183.2 -63.5145809812
183.3 -63.3794351714
183.4 -63.2456408197
183.5 -63.1131844115
183.6 -62.9820525674
183.7 -62.8522320417
183.8 -62.7237097213
183.9 -62.5964726241
184.0 -62.4705078978
184.1 -62.3458028188
184.2 -62.2223447907
184.3 -62.1001213428
184.4 -61.9791201293
184.5 -61.859328928
184.6 -61.7407356387
184.7 -61.6233282824
184.8 -61.5070949995
184.9 -61.3920240495
185.0 -61.278103809
185.1 -61.165322771
185.2 -61.0536695432
185.3 -60.9431328478
185.4 -60.8337015193
185.5 -60.7253645041
185.6 -60.6181108591
185.7 -60.5119297505
185.8 -60.406810453
185.9 -60.3027423485
186.0 -60.199714925
186.1 -60.0977177757
186.2 -59.996740598
186.3 -59.896773192
186.4 -59.7978054601
186.5 -59.6998274055
186.6 -59.6028291314
186.7 -59.5068008401
186.8 -59.4117328317
186.9 -59.3176155034
187.0 -59.2244393484
187.1 -59.1321949549
187.2 -59.0408730053
187.3 -58.9504642753
187.4 -58.8609596325
187.5 -58.7723500362
187.6 -58.6846265358
187.7 -58.5977802705
187.8 -58.5118024678
187.9 -58.4266844431
188.0 -58.3424175987
188.1 -58.2589934227
188.2 -58.1764034885
188.3 -58.0946394536
188.4 -58.013693059
188.5 -57.9335561284
188.6 -57.8542205672
188.7 -57.7756783615
188.8 -57.6979215779
188.9 -57.6209423621
189.0 -57.5447329385
189.1 -57.4692856091
189.2 -57.394592753
189.3 -57.3206468255
189.4 -57.2474403572
189.5 -57.1749659536
189.6 -57.1032162941
189.7 -57.0321841312
189.8 -56.9618622898
189.9 -56.892243667
190.0 -56.8233212303
190.1 -56.755088018
190.2 -56.6875371378
190.3 -56.6206617664
190.4 -56.5544551488
190.5 -56.4889105973
190.6 -56.4240214913
190.7 -56.3597812764
190.8 -56.2961834636
190.9 -56.233221629
191.0 -56.1708894127
191.1 -56.1091805186
191.2 -56.0480887134
191.3 -55.9876078262
191.4 -55.927731748
191.5 -55.8684544305
191.6 -55.8097698862
191.7 -55.7516721873
191.8 -55.6941554655
191.9 -55.6372139108
192.0 -55.5808417717
192.1 -55.525033354
192.2 -55.4697830204
192.3 -55.4150851902
192.4 -55.3609343383
192.5 -55.307324995
192.6 -55.254251745
192.7 -55.2017092276
192.8 -55.1496921353
192.9 -55.0981952139
193.0 -55.0472132618
193.1 0
193.2 -69.8
193.3 -69.602
193.4 -69.40598
193.5 -69.2119202
193.6 -69.019800998
193.7 -68.829602988
193.8 -68.6413069581
193.9 -68.4548938886
194.0 -68.2703449497
194.1 -68.0876415002
194.2 -67.9067650852
194.3 -67.7276974343
194.4 -67.55042046
194.5 -67.3749162554
194.6 -67.2011670928
194.7 -67.0291554219
194.8 -66.8588638677
194.9 -66.690275229
195.0 -66.5233724767
195.1 -66.3581387519
195.2 -66.1945573644
195.3 -66.0326117908
195.4 -65.8722856729
195.5 -65.7135628161
195.6 -65.556427188
195.7 -65.4008629161
195.8 -65.2468542869
195.9 -65.0943857441
196.0 -64.9434418866
196.1 -64.7940074678
196.2 -64.6460673931
196.3 -64.4996067192
196.4 -64.354610652
196.5 -64.2110645454
196.6 -64.0689539
196.7 -63.928264361
196.8 -63.7889817174
196.9 -63.6510919002
197.0 -63.5145809812
197.1 -63.3794351714
197.2 -63.2456408197
197.3 -63.1131844115
197.4 -62.9820525674
197.5 -62.8522320417
197.6 -62.7237097213
197.7 -62.5964726241
197.8 -62.4705078978
197.9 -62.3458028188
198.0 -62.2223447907
198.1 -62.1001213428
198.2 -61.9791201293
198.3 -61.859328928
198.4 -61.7407356387
198.5 -61.6233282824
198.6 -61.5070949995
198.7 -61.3920240495
198.8 -61.278103809
198.9 -61.165322771
199.0 -61.0536695432
199.1 -60.9431328478
199.2 -60.8337015193
199.3 -60.7253645041
199.4 -60.6181108591
199.5 -60.5119297505
199.6 -60.406810453
199.7 -60.3027423485
199.8 -60.199714925
199.9 -60.0977177757
200.0 -59.996740598
200.1 -59.896773192
200.2 -59.7978054601
200.3 -59.6998274055
200.4 -59.6028291314
200.5 -59.5068008401
200.6 -59.4117328317
200.7 -59.3176155034
200.8 -59.2244393484
200.9 -59.1321949549
201.0 -59.0408730053
201.1 -58.9504642753
201.2 -58.8609596325
201.3 -58.7723500362
201.4 -58.6846265358
201.5 -58.5977802705
201.6 -58.5118024678
201.7 -58.4266844431
201.8 -58.3424175987
201.9 -58.2589934227
202.0 -58.1764034885
202.1 -58.0946394536
202.2 -58.013693059
202.3 -57.9335561284
202.4 -57.8542205672
202.5 -57.7756783615
202.6 -57.6979215779
202.7 -57.6209423621
202.8 -57.5447329385
202.9 -57.4692856091
203.0 -57.394592753
203.1 -57.3206468255
203.2 -57.2474403572
203.3 -57.1749659536
203.4 -57.1032162941
203.5 -57.0321841312
203.6 -56.9618622898
203.7 -56.892243667
203.8 -56.8233212303
203.9 -56.755088018
204.0 -56.6875371378
204.1 -56.6206617664
204.2 -56.5544551488
204.3 -56.4889105973
204.4 -56.4240214913
204.5 -56.3597812764
204.6 -56.2961834636
204.7 -56.233221629
204.8 -56.1708894127
204.9 -56.1091805186
205.0 -56.0480887134
205.1 -55.9876078262
205.2 -55.927731748
205.3 -55.8684544305
205.4 -55.8097698862
205.5 -55.7516721873
205.6 -55.6941554655
205.7 -55.6372139108
205.8 -55.5808417717
205.9 -55.525033354
206.0 -55.4697830204
206.1 -55.4150851902
206.2 -55.3609343383
206.3 -55.307324995
206.4 -55.254251745
206.5 -55.2017092276
206.6 -55.1496921353
206.7 -55.0981952139
206.8 -55.0472132618
206.9 0
207.0 -69.8
207.1 -69.602
207.2 -69.40598
207.3 -69.2119202
207.4 -69.019800998
207.5 -68.829602988
207.6 -68.6413069581
207.7 -68.4548938886
207.8 -68.2703449497
207.9 -68.0876415002
208.0 -67.9067650852
208.1 -67.7276974343
208.2 -67.55042046
208.3 -67.3749162554
208.4 -67.2011670928
208.5 -67.0291554219
208.6 -66.8588638677
208.7 -66.690275229
208.8 -66.5233724767
208.9 -66.3581387519
209.0 -66.1945573644
209.1 -66.0326117908
209.2 -65.8722856729
209.3 -65.7135628161
209.4 -65.556427188
209.5 -65.4008629161
209.6 -65.2468542869
209.7 -65.0943857441
209.8 -64.9434418866
209.9 -64.7940074678
210.0 -64.6460673931
210.1 -64.4996067192
210.2 -64.354610652
210.3 -64.2110645454
210.4 -64.0689539
210.5 -63.928264361
210.6 -63.7889817174
210.7 -63.6510919002
210.8 -63.5145809812
210.9 -63.3794351714
211.0 -63.2456408197
211.1 -63.1131844115
211.2 -62.9820525674
211.3 -62.8522320417
211.4 -62.7237097213
211.5 -62.5964726241
211.6 -62.4705078978
211.7 -62.3458028188
211.8 -62.2223447907
211.9 -62.1001213428
212.0 -61.9791201293
212.1 -61.859328928
212.2 -61.7407356387
212.3 -61.6233282824
212.4 -61.5070949995
212.5 -61.3920240495
212.6 -61.278103809
212.7 -61.165322771
212.8 -61.0536695432
212.9 -60.9431328478
213.0 -60.8337015193
213.1 -60.7253645041
213.2 -60.6181108591
213.3 -60.5119297505
213.4 -60.406810453
213.5 -60.3027423485
213.6 -60.199714925
213.7 -60.0977177757
213.8 -59.996740598
213.9 -59.896773192
214.0 -59.7978054601
214.1 -59.6998274055
214.2 -59.6028291314
214.3 -59.5068008401
214.4 -59.4117328317
214.5 -59.3176155034
214.6 -59.2244393484
214.7 -59.1321949549
214.8 -59.0408730053
214.9 -58.9504642753
215.0 -58.8609596325
215.1 -58.7723500362
215.2 -58.6846265358
215.3 -58.5977802705
215.4 -58.5118024678
215.5 -58.4266844431
215.6 -58.3424175987
215.7 -58.2589934227
215.8 -58.1764034885
215.9 -58.0946394536
216.0 -58.013693059
216.1 -57.9335561284
216.2 -57.8542205672
216.3 -57.7756783615
216.4 -57.6979215779
216.5 -57.6209423621
216.6 -57.5447329385
216.7 -57.4692856091
216.8 -57.394592753
216.9 -57.3206468255
217.0 -57.2474403572
217.1 -57.1749659536
217.2 -57.1032162941
217.3 -57.0321841312
217.4 -56.9618622898
217.5 -56.892243667
217.6 -56.8233212303
217.7 -56.755088018
217.8 -56.6875371378
217.9 -56.6206617664
218.0 -56.5544551488
218.1 -56.4889105973
218.2 -56.4240214913
218.3 -56.3597812764
218.4 -56.2961834636
218.5 -56.233221629
218.6 -56.1708894127
218.7 -56.1091805186
218.8 -56.0480887134
218.9 -55.9876078262
219.0 -55.927731748
219.1 -55.8684544305
219.2 -55.8097698862
219.3 -55.7516721873
219.4 -55.6941554655
219.5 -55.6372139108
219.6 -55.5808417717
219.7 -55.525033354
219.8 -55.4697830204
219.9 -55.4150851902
220.0 -55.3609343383
220.1 -55.307324995
220.2 -55.254251745
220.3 -55.2017092276
220.4 -55.1496921353
220.5 -55.0981952139
220.6 -55.0472132618
220.7 0
220.8 -69.8
220.9 -69.602
221.0 -69.40598
221.1 -69.2119202
221.2 -69.019800998
221.3 -68.829602988
221.4 -68.6413069581
221.5 -68.4548938886
221.6 -68.2703449497
221.7 -68.0876415002
221.8 -67.9067650852
221.9 -67.7276974343
222.0 -67.55042046
222.1 -67.3749162554
222.2 -67.2011670928
222.3 -67.0291554219
222.4 -66.8588638677
222.5 -66.690275229
222.6 -66.5233724767
222.7 -66.3581387519
222.8 -66.1945573644
222.9 -66.0326117908
223.0 -65.8722856729
223.1 -65.7135628161
223.2 -65.556427188
223.3 -65.4008629161
223.4 -65.2468542869
223.5 -65.0943857441
223.6 -64.9434418866
223.7 -64.7940074678
223.8 -64.6460673931
223.9 -64.4996067192
224.0 -64.354610652
224.1 -64.2110645454
224.2 -64.0689539
224.3 -63.928264361
224.4 -63.7889817174
224.5 -63.6510919002
224.6 -63.5145809812
224.7 -63.3794351714
224.8 -63.2456408197
224.9 -63.1131844115
225.0 -62.9820525674
225.1 -62.8522320417
225.2 -62.7237097213
225.3 -62.5964726241
225.4 -62.4705078978
225.5 -62.3458028188
225.6 -62.2223447907
225.7 -62.1001213428
225.8 -61.9791201293
225.9 -61.859328928
226.0 -61.7407356387
226.1 -61.6233282824
226.2 -61.5070949995
226.3 -61.3920240495
226.4 -61.278103809
226.5 -61.165322771
226.6 -61.0536695432
226.7 -60.9431328478
226.8 -60.8337015193
226.9 -60.7253645041
227.0 -60.6181108591
227.1 -60.5119297505
227.2 -60.406810453
227.3 -60.3027423485
227.4 -60.199714925
227.5 -60.0977177757
227.6 -59.996740598
227.7 -59.896773192
227.8 -59.7978054601
227.9 -59.6998274055
228.0 -59.6028291314
228.1 -59.5068008401
228.2 -59.4117328317
228.3 -59.3176155034
228.4 -59.2244393484
228.5 -59.1321949549
228.6 -59.0408730053
228.7 -58.9504642753
228.8 -58.8609596325
228.9 -58.7723500362
229.0 -58.6846265358
229.1 -58.5977802705
229.2 -58.5118024678
229.3 -58.4266844431
229.4 -58.3424175987
229.5 -58.2589934227
229.6 -58.1764034885
229.7 -58.0946394536
229.8 -58.013693059
229.9 -57.9335561284
230.0 -57.8542205672
230.1 -57.7756783615
230.2 -57.6979215779
230.3 -57.6209423621
230.4 -57.5447329385
230.5 -57.4692856091
230.6 -57.394592753
230.7 -57.3206468255
230.8 -57.2474403572
230.9 -57.1749659536
231.0 -57.1032162941
231.1 -57.0321841312
231.2 -56.9618622898
231.3 -56.892243667
231.4 -56.8233212303
231.5 -56.755088018
231.6 -56.6875371378
231.7 -56.6206617664
231.8 -56.5544551488
231.9 -56.4889105973
232.0 -56.4240214913
232.1 -56.3597812764
232.2 -56.2961834636
232.3 -56.233221629
232.4 -56.1708894127
232.5 -56.1091805186
232.6 -56.0480887134
232.7 -55.9876078262
232.8 -55.927731748
232.9 -55.8684544305
233.0 -55.8097698862
233.1 -55.7516721873
233.2 -55.6941554655
233.3 -55.6372139108
233.4 -55.5808417717
233.5 -55.525033354
233.6 -55.4697830204
233.7 -55.4150851902
233.8 -55.3609343383
233.9 -55.307324995
234.0 -55.254251745
234.1 -55.2017092276
234.2 -55.1496921353
234.3 -55.0981952139
234.4 -55.0472132618
234.5 0
234.6 -69.8
234.7 -69.602
234.8 -69.40598
234.9 -69.2119202
235.0 -69.019800998
235.1 -68.829602988
235.2 -68.6413069581
235.3 -68.4548938886
235.4 -68.2703449497
235.5 -68.0876415002
235.6 -67.9067650852
235.7 -67.7276974343
235.8 -67.55042046
235.9 -67.3749162554
236.0 -67.2011670928
236.1 -67.0291554219
236.2 -66.8588638677
236.3 -66.690275229
236.4 -66.5233724767
236.5 -66.3581387519
236.6 -66.1945573644
236.7 -66.0326117908
236.8 -65.8722856729
236.9 -65.7135628161
237.0 -65.556427188
237.1 -65.4008629161
237.2 -65.2468542869
237.3 -65.0943857441
237.4 -64.9434418866
237.5 -64.7940074678
237.6 -64.6460673931
237.7 -64.4996067192
237.8 -64.354610652
237.9 -64.2110645454
238.0 -64.0689539
238.1 -63.928264361
238.2 -63.7889817174
238.3 -63.6510919002
238.4 -63.5145809812
238.5 -63.3794351714
238.6 -63.2456408197
238.7 -63.1131844115
238.8 -62.9820525674
238.9 -62.8522320417
239.0 -62.7237097213
239.1 -62.5964726241
239.2 -62.4705078978
239.3 -62.3458028188
239.4 -62.2223447907
239.5 -62.1001213428
239.6 -61.9791201293
239.7 -61.859328928
239.8 -61.7407356387
239.9 -61.6233282824
240.0 -61.5070949995
240.1 -61.3920240495
240.2 -61.278103809
240.3 -61.165322771
240.4 -61.0536695432
240.5 -60.9431328478
240.6 -60.8337015193
240.7 -60.7253645041
240.8 -60.6181108591
240.9 -60.5119297505
241.0 -60.406810453
241.1 -60.3027423485
241.2 -60.199714925
241.3 -60.0977177757
241.4 -59.996740598
241.5 -59.896773192
241.6 -59.7978054601
241.7 -59.6998274055
241.8 -59.6028291314
241.9 -59.5068008401
242.0 -59.4117328317
242.1 -59.3176155034
242.2 -59.2244393484
242.3 -59.1321949549
242.4 -59.0408730053
242.5 -58.9504642753
242.6 -58.8609596325
242.7 -58.7723500362
242.8 -58.6846265358
242.9 -58.5977802705
243.0 -58.5118024678
243.1 -58.4266844431
243.2 -58.3424175987
243.3 -58.2589934227
243.4 -58.1764034885
243.5 -58.0946394536
243.6 -58.013693059
243.7 -57.9335561284
243.8 -57.8542205672
243.9 -57.7756783615
244.0 -57.6979215779
244.1 -57.6209423621
244.2 -57.5447329385
244.3 -57.4692856091
244.4 -57.394592753
244.5 -57.3206468255
244.6 -57.2474403572
244.7 -57.1749659536
244.8 -57.1032162941
244.9 -57.0321841312
245.0 -56.9618622898
245.1 -56.892243667
245.2 -56.8233212303
245.3 -56.755088018
245.4 -56.6875371378
245.5 -56.6206617664
245.6 -56.5544551488
245.7 -56.4889105973
245.8 -56.4240214913
245.9 -56.3597812764
246.0 -56.2961834636
246.1 -56.233221629
246.2 -56.1708894127
246.3 -56.1091805186
246.4 -56.0480887134
246.5 -55.9876078262
246.6 -55.927731748
246.7 -55.8684544305
246.8 -55.8097698862
246.9 -55.7516721873
247.0 -55.6941554655
247.1 -55.6372139108
247.2 -55.5808417717
247.3 -55.525033354
247.4 -55.4697830204
247.5 -55.4150851902
247.6 -55.3609343383
247.7 -55.307324995
247.8 -55.254251745
247.9 -55.2017092276
248.0 -55.1496921353
248.1 -55.0981952139
248.2 -55.0472132618
248.3 0
248.4 -69.8
248.5 -69.602
248.6 -69.40598
248.7 -69.2119202
248.8 -69.019800998
248.9 -68.829602988
249.0 -68.6413069581
249.1 -68.4548938886
249.2 -68.2703449497
249.3 -68.0876415002
249.4 -67.9067650852
249.5 -67.7276974343
249.6 -67.55042046
249.7 -67.3749162554
249.8 -67.2011670928
249.9 -67.0291554219
250.0 -66.8588638677
250.1 -66.690275229
250.2 -66.5233724767
250.3 -66.3581387519
250.4 -66.1945573644
250.5 -66.0326117908
250.6 -65.8722856729
250.7 -65.7135628161
250.8 -65.556427188
250.9 -65.4008629161
251.0 -65.2468542869
251.1 -65.0943857441
251.2 -64.9434418866
251.3 -64.7940074678
251.4 -64.6460673931
251.5 -64.4996067192
251.6 -64.354610652
251.7 -64.2110645454
251.8 -64.0689539
251.9 -63.928264361
252.0 -63.7889817174
252.1 -63.6510919002
252.2 -63.5145809812
252.3 -63.3794351714
252.4 -63.2456408197
252.5 -63.1131844115
252.6 -62.9820525674
252.7 -62.8522320417
252.8 -62.7237097213
252.9 -62.5964726241
253.0 -62.4705078978
253.1 -62.3458028188
253.2 -62.2223447907
253.3 -62.1001213428
253.4 -61.9791201293
253.5 -61.859328928
253.6 -61.7407356387
253.7 -61.6233282824
253.8 -61.5070949995
253.9 -61.3920240495
254.0 -61.278103809
254.1 -61.165322771
254.2 -61.0536695432
254.3 -60.9431328478
254.4 -60.8337015193
254.5 -60.7253645041
254.6 -60.6181108591
254.7 -60.5119297505
254.8 -60.406810453
254.9 -60.3027423485
255.0 -60.199714925
255.1 -60.0977177757
255.2 -59.996740598
255.3 -59.896773192
255.4 -59.7978054601
255.5 -59.6998274055
255.6 -59.6028291314
255.7 -59.5068008401
255.8 -59.4117328317
255.9 -59.3176155034
256.0 -59.2244393484
256.1 -59.1321949549
256.2 -59.0408730053
256.3 -58.9504642753
256.4 -58.8609596325
256.5 -58.7723500362
256.6 -58.6846265358
256.7 -58.5977802705
256.8 -58.5118024678
256.9 -58.4266844431
257.0 -58.3424175987
257.1 -58.2589934227
257.2 -58.1764034885
257.3 -58.0946394536
257.4 -58.013693059
257.5 -57.9335561284
257.6 -57.8542205672
257.7 -57.7756783615
257.8 -57.6979215779
257.9 -57.6209423621
258.0 -57.5447329385
258.1 -57.4692856091
258.2 -57.394592753
258.3 -57.3206468255
258.4 -57.2474403572
258.5 -57.1749659536
258.6 -57.1032162941
258.7 -57.0321841312
258.8 -56.9618622898
258.9 -56.892243667
259.0 -56.8233212303
259.1 -56.755088018
259.2 -56.6875371378
259.3 -56.6206617664
259.4 -56.5544551488
259.5 -56.4889105973
259.6 -56.4240214913
259.7 -56.3597812764
259.8 -56.2961834636
259.9 -56.233221629
260.0 -56.1708894127
260.1 -56.1091805186
260.2 -56.0480887134
260.3 -55.9876078262
260.4 -55.927731748
260.5 -55.8684544305
260.6 -55.8097698862
260.7 -55.7516721873
260.8 -55.6941554655
260.9 -55.6372139108
261.0 -55.5808417717
261.1 -55.525033354
261.2 -55.4697830204
261.3 -55.4150851902
261.4 -55.3609343383
261.5 -55.307324995
261.6 -55.254251745
261.7 -55.2017092276
261.8 -55.1496921353
261.9 -55.0981952139
262.0 -55.0472132618
262.1 0
262.2 -69.8
262.3 -69.602
262.4 -69.40598
262.5 -69.2119202
262.6 -69.019800998
262.7 -68.829602988
262.8 -68.6413069581
262.9 -68.4548938886
263.0 -68.2703449497
263.1 -68.0876415002
263.2 -67.9067650852
263.3 -67.7276974343
263.4 -67.55042046
263.5 -67.3749162554
263.6 -67.2011670928
263.7 -67.0291554219
263.8 -66.8588638677
263.9 -66.690275229
264.0 -66.5233724767
264.1 -66.3581387519
264.2 -66.1945573644
264.3 -66.0326117908
264.4 -65.8722856729
264.5 -65.7135628161
264.6 -65.556427188
264.7 -65.4008629161
264.8 -65.2468542869
264.9 -65.0943857441
265.0 -64.9434418866
265.1 -64.7940074678
265.2 -64.6460673931
265.3 -64.4996067192
265.4 -64.354610652
265.5 -64.2110645454
265.6 -64.0689539
265.7 -63.928264361
265.8 -63.7889817174
265.9 -63.6510919002
266.0 -63.5145809812
266.1 -63.3794351714
266.2 -63.2456408197
266.3 -63.1131844115
266.4 -62.9820525674
266.5 -62.8522320417
266.6 -62.7237097213
266.7 -62.5964726241
266.8 -62.4705078978
266.9 -62.3458028188
267.0 -62.2223447907
267.1 -62.1001213428
267.2 -61.9791201293
267.3 -61.859328928
267.4 -61.7407356387
267.5 -61.6233282824
267.6 -61.5070949995
267.7 -61.3920240495
267.8 -61.278103809
267.9 -61.165322771
268.0 -61.0536695432
268.1 -60.9431328478
268.2 -60.8337015193
268.3 -60.7253645041
268.4 -60.6181108591
268.5 -60.5119297505
268.6 -60.406810453
268.7 -60.3027423485
268.8 -60.199714925
268.9 -60.0977177757
269.0 -59.996740598
269.1 -59.896773192
269.2 -59.7978054601
269.3 -59.6998274055
269.4 -59.6028291314
269.5 -59.5068008401
269.6 -59.4117328317
269.7 -59.3176155034
269.8 -59.2244393484
269.9 -59.1321949549
270.0 -59.0408730053
270.1 -58.9504642753
270.2 -58.8609596325
270.3 -58.7723500362
270.4 -58.6846265358
270.5 -58.5977802705
270.6 -58.5118024678
270.7 -58.4266844431
270.8 -58.3424175987
270.9 -58.2589934227
271.0 -58.1764034885
271.1 -58.0946394536
271.2 -58.013693059
271.3 -57.9335561284
271.4 -57.8542205672
271.5 -57.7756783615
271.6 -57.6979215779
271.7 -57.6209423621
271.8 -57.5447329385
271.9 -57.4692856091
272.0 -57.394592753
272.1 -57.3206468255
272.2 -57.2474403572
272.3 -57.1749659536
272.4 -57.1032162941
272.5 -57.0321841312
272.6 -56.9618622898
272.7 -56.892243667
272.8 -56.8233212303
272.9 -56.755088018
273.0 -56.6875371378
273.1 -56.6206617664
273.2 -56.5544551488
273.3 -56.4889105973
273.4 -56.4240214913
273.5 -56.3597812764
273.6 -56.2961834636
273.7 -56.233221629
273.8 -56.1708894127
273.9 -56.1091805186
274.0 -56.0480887134
274.1 -55.9876078262
274.2 -55.927731748
274.3 -55.8684544305
274.4 -55.8097698862
274.5 -55.7516721873
274.6 -55.6941554655
274.7 -55.6372139108
274.8 -55.5808417717
274.9 -55.525033354
275.0 -55.4697830204
275.1 -55.4150851902
275.2 -55.3609343383
275.3 -55.307324995
275.4 -55.254251745
275.5 -55.2017092276
275.6 -55.1496921353
275.7 -55.0981952139
275.8 -55.0472132618
275.9 0
276.0 -69.8
276.1 -69.602
276.2 -69.40598
276.3 -69.2119202
276.4 -69.019800998
276.5 -68.829602988
276.6 -68.6413069581
276.7 -68.4548938886
276.8 -68.2703449497
276.9 -68.0876415002
277.0 -67.9067650852
277.1 -67.7276974343
277.2 -67.55042046
277.3 -67.3749162554
277.4 -67.2011670928
277.5 -67.0291554219
277.6 -66.8588638677
277.7 -66.690275229
277.8 -66.5233724767
277.9 -66.3581387519
278.0 -66.1945573644
278.1 -66.0326117908
278.2 -65.8722856729
278.3 -65.7135628161
278.4 -65.556427188
278.5 -65.4008629161
278.6 -65.2468542869
278.7 -65.0943857441
278.8 -64.9434418866
278.9 -64.7940074678
279.0 -64.6460673931
279.1 -64.4996067192
279.2 -64.354610652
279.3 -64.2110645454
279.4 -64.0689539
279.5 -63.928264361
279.6 -63.7889817174
279.7 -63.6510919002
279.8 -63.5145809812
279.9 -63.3794351714
280.0 -63.2456408197
280.1 -63.1131844115
280.2 -62.9820525674
280.3 -62.8522320417
280.4 -62.7237097213
280.5 -62.5964726241
280.6 -62.4705078978
280.7 -62.3458028188
280.8 -62.2223447907
280.9 -62.1001213428
281.0 -61.9791201293
281.1 -61.859328928
281.2 -61.7407356387
281.3 -61.6233282824
281.4 -61.5070949995
281.5 -61.3920240495
281.6 -61.278103809
281.7 -61.165322771
281.8 -61.0536695432
281.9 -60.9431328478
282.0 -60.8337015193
282.1 -60.7253645041
282.2 -60.6181108591
282.3 -60.5119297505
282.4 -60.406810453
282.5 -60.3027423485
282.6 -60.199714925
282.7 -60.0977177757
282.8 -59.996740598
282.9 -59.896773192
283.0 -59.7978054601
283.1 -59.6998274055
283.2 -59.6028291314
283.3 -59.5068008401
283.4 -59.4117328317
283.5 -59.3176155034
283.6 -59.2244393484
283.7 -59.1321949549
283.8 -59.0408730053
283.9 -58.9504642753
284.0 -58.8609596325
284.1 -58.7723500362
284.2 -58.6846265358
284.3 -58.5977802705
284.4 -58.5118024678
284.5 -58.4266844431
284.6 -58.3424175987
284.7 -58.2589934227
284.8 -58.1764034885
284.9 -58.0946394536
285.0 -58.013693059
285.1 -57.9335561284
285.2 -57.8542205672
285.3 -57.7756783615
285.4 -57.6979215779
285.5 -57.6209423621
285.6 -57.5447329385
285.7 -57.4692856091
285.8 -57.394592753
285.9 -57.3206468255
286.0 -57.2474403572
286.1 -57.1749659536
286.2 -57.1032162941
286.3 -57.0321841312
286.4 -56.9618622898
286.5 -56.892243667
286.6 -56.8233212303
286.7 -56.755088018
286.8 -56.6875371378
286.9 -56.6206617664
287.0 -56.5544551488
287.1 -56.4889105973
287.2 -56.4240214913
287.3 -56.3597812764
287.4 -56.2961834636
287.5 -56.233221629
287.6 -56.1708894127
287.7 -56.1091805186
287.8 -56.0480887134
287.9 -55.9876078262
288.0 -55.927731748
288.1 -55.8684544305
288.2 -55.8097698862
288.3 -55.7516721873
288.4 -55.6941554655
288.5 -55.6372139108
288.6 -55.5808417717
288.7 -55.525033354
288.8 -55.4697830204
288.9 -55.4150851902
289.0 -55.3609343383
289.1 -55.307324995
289.2 -55.254251745
289.3 -55.2017092276
289.4 -55.1496921353
289.5 -55.0981952139
289.6 -55.0472132618
289.7 0
289.8 -69.8
289.9 -69.602
290.0 -69.40598
290.1 -69.2119202
290.2 -69.019800998
290.3 -68.829602988
290.4 -68.6413069581
290.5 -68.4548938886
290.6 -68.2703449497
290.7 -68.0876415002
290.8 -67.9067650852
290.9 -67.7276974343
291.0 -67.55042046
291.1 -67.3749162554
291.2 -67.2011670928
291.3 -67.0291554219
291.4 -66.8588638677
291.5 -66.690275229
291.6 -66.5233724767
291.7 -66.3581387519
291.8 -66.1945573644
291.9 -66.0326117908
292.0 -65.8722856729
292.1 -65.7135628161
292.2 -65.556427188
292.3 -65.4008629161
292.4 -65.2468542869
292.5 -65.0943857441
292.6 -64.9434418866
292.7 -64.7940074678
292.8 -64.6460673931
292.9 -64.4996067192
293.0 -64.354610652
293.1 -64.2110645454
293.2 -64.0689539
293.3 -63.928264361
293.4 -63.7889817174
293.5 -63.6510919002
293.6 -63.5145809812
293.7 -63.3794351714
293.8 -63.2456408197
293.9 -63.1131844115
294.0 -62.9820525674
294.1 -62.8522320417
294.2 -62.7237097213
294.3 -62.5964726241
294.4 -62.4705078978
294.5 -62.3458028188
294.6 -62.2223447907
294.7 -62.1001213428
294.8 -61.9791201293
294.9 -61.859328928
295.0 -61.7407356387
295.1 -61.6233282824
295.2 -61.5070949995
295.3 -61.3920240495
295.4 -61.278103809
295.5 -61.165322771
295.6 -61.0536695432
295.7 -60.9431328478
295.8 -60.8337015193
295.9 -60.7253645041
296.0 -60.6181108591
296.1 -60.5119297505
296.2 -60.406810453
296.3 -60.3027423485
296.4 -60.199714925
296.5 -60.0977177757
296.6 -59.996740598
296.7 -59.896773192
296.8 -59.7978054601
296.9 -59.6998274055
297.0 -59.6028291314
297.1 -59.5068008401
297.2 -59.4117328317
297.3 -59.3176155034
297.4 -59.2244393484
297.5 -59.1321949549
297.6 -59.0408730053
297.7 -58.9504642753
297.8 -58.8609596325
297.9 -58.7723500362
298.0 -58.6846265358
298.1 -58.5977802705
298.2 -58.5118024678
298.3 -58.4266844431
298.4 -58.3424175987
298.5 -58.2589934227
298.6 -58.1764034885
298.7 -58.0946394536
298.8 -58.013693059
298.9 -57.9335561284
299.0 -57.8542205672
299.1 -57.7756783615
299.2 -57.6979215779
299.3 -57.6209423621
299.4 -57.5447329385
299.5 -57.4692856091
299.6 -57.394592753
299.7 -57.3206468255
299.8 -57.2474403572
299.9 -57.1749659536
300.0 -57.1032162941
